3.179680914026098605e-09 3.727866291152878280e-12
6.359361828052197211e-09 4.734413409085681088e-11
9.539042742078296230e-09 1.107412755844233974e-10
1.271872365610439442e-08 1.472247952754612693e-10
1.589840457013049261e-08 1.704421802664625599e-10
1.907808548415659246e-08 2.019743502283557632e-10
2.225776639818269231e-08 2.674901009768978782e-10
2.543744731220878884e-08 3.753408834252928881e-10
2.861712822623488869e-08 5.036982564676411352e-10
3.179680914026098523e-08 6.105886203203934304e-10
3.497649005428708176e-08 6.623663943025097553e-10
3.815617096831317830e-08 6.564551167598779139e-10
4.133585188233928146e-08 6.182023091709970543e-10
4.451553279636537799e-08 5.783655380871087729e-10
4.769521371039147453e-08 5.545261682661579328e-10
5.087489462441757769e-08 5.489346524127929123e-10
5.405457553844367422e-08 5.564949024522275071e-10
5.723425645246977076e-08 5.719600382206083885e-10
6.041393736649588053e-08 5.923783813195579036e-10
6.359361828052197045e-08 6.166263894382451196e-10
6.677329919454807361e-08 6.444251140782895704e-10
6.995298010857417676e-08 6.757472447416224830e-10
7.313266102260026668e-08 7.105880698347659254e-10
7.631234193662636984e-08 7.489045293718961032e-10
7.949202285065247299e-08 7.906093653921195790e-10
8.267170376467856291e-08 8.355795029041410395e-10
8.585138467870466607e-08 8.836670530183860880e-10
8.903106559273076922e-08 9.347098515878715428e-10
9.221074650675685914e-08 9.885406022934432054e-10
9.539042742078296230e-08 1.044994301182797193e-09
9.857010833480906545e-08 1.103913872407706082e-09
1.017497892488351554e-07 1.165154095549629873e-09
1.049294701628612585e-07 1.228584004495760899e-09
1.081091510768873617e-07 1.294087997780544144e-09
1.112888319909134516e-07 1.361565926495851321e-09
1.144685129049395548e-07 1.430932424879444927e-09
1.176481938189656579e-07 1.502115727898158861e-09
1.208278747329917346e-07 1.575056186742023140e-09
1.240075556470178245e-07 1.649704653407733110e-09
1.271872365610439409e-07 1.726020864487628021e-09
1.303669174750700308e-07 1.803971915582932455e-09
1.335465983890961207e-07 1.883530883861428198e-09
1.367262793031222371e-07 1.964675628503002499e-09
1.399059602171483271e-07 2.047387777525650430e-09
1.430856411311744170e-07 2.131651894465748899e-09
1.462653220452005334e-07 2.217454808838247321e-09
1.494450029592266233e-07 2.304785089209050421e-09
1.526246838732527132e-07 2.393632635982656640e-09
1.558043647872788296e-07 2.483988371610929072e-09
1.589840457013049195e-07 2.575844007974953444e-09
1.621637266153310094e-07 2.669191873476665156e-09
1.653434075293571258e-07 2.764024785386636471e-09
1.685230884433832157e-07 2.860335955888764149e-09
1.717027693574093057e-07 2.958118922844323261e-09
1.748824502714354221e-07 3.057367498477230171e-09
1.780621311854615120e-07 3.158075730944205701e-09
1.812418120994876019e-07 3.260237875127624092e-09
1.844214930135137183e-07 3.363848370028643712e-09
1.876011739275398082e-07 3.468901820904988660e-09
1.907808548415658981e-07 3.575392984850910576e-09
1.939605357555920145e-07 3.683316758908490199e-09
1.971402166696181044e-07 3.792668170072992289e-09
2.003198975836441944e-07 3.903442366743707076e-09
2.034995784976703107e-07 4.015634611301298391e-09
2.066792594116964007e-07 4.129240273581492975e-09
2.098589403257224906e-07 4.244254825075946334e-09
2.130386212397486070e-07 4.360673833733427477e-09
2.162183021537746969e-07 4.478492959264233870e-09
2.193979830678007868e-07 4.597707948871980836e-09
2.225776639818269032e-07 4.718314633352414298e-09
2.257573448958529931e-07 4.840308923510382833e-09
2.289370258098790830e-07 4.963686806854959125e-09
2.321167067239051994e-07 5.088444344539395309e-09
2.352963876379312894e-07 5.214577668517964237e-09
2.384760685519574057e-07 5.342082978896097964e-09
2.416557494659835221e-07 5.470956541453560846e-09
2.448354303800095856e-07 5.601194685323353437e-09
2.480151112940357020e-07 5.732793800811324783e-09
2.511947922080618184e-07 5.865750337343437704e-09
2.543744731220878818e-07 6.000060801529293487e-09
2.575541540361139982e-07 6.135721755331875662e-09
2.607338349501401146e-07 6.272729814334660389e-09
2.639135158641661780e-07 6.411081646098290650e-09
2.670931967781922944e-07 6.550773968599776594e-09
2.702728776922184108e-07 6.691803548748038863e-09
2.734525586062444743e-07 6.834167200970189101e-09
2.766322395202705907e-07 6.977861785863522507e-09
2.798119204342967071e-07 7.122884208908667999e-09
2.829916013483227705e-07 7.269231419239841127e-09
2.861712822623488869e-07 7.416900408468401338e-09
2.893509631763750033e-07 7.565888209556389972e-09
2.925306440904010667e-07 7.716191895736895783e-09
2.957103250044271831e-07 7.867808579478449625e-09
2.988900059184532995e-07 8.020735411490835248e-09
3.020696868324793630e-07 8.174969579769907449e-09
3.052493677465054794e-07 8.330508308679276006e-09
3.084290486605315957e-07 8.487348858066739475e-09
3.116087295745576592e-07 8.645488522413657314e-09
3.147884104885837756e-07 8.804924630015475285e-09
3.179680914026098920e-07 8.965654542191817601e-09
3.211477723166359554e-07 9.127675652524622147e-09
3.243274532306620718e-07 9.290985386122914230e-09
3.275071341446881882e-07 9.455581198912931755e-09
3.306868150587142517e-07 9.621460576952356103e-09
3.338664959727403680e-07 9.788621035767536975e-09
3.370461768867664844e-07 9.957060119712616011e-09
3.402258578007925479e-07 1.012677540134953838e-08
3.434055387148186643e-07 1.029776448084804409e-08
3.465852196288447807e-07 1.047002498540473573e-08
3.497649005428708441e-07 1.064355456868035576e-08
3.529445814568969605e-07 1.081835091025455707e-08
3.561242623709230769e-07 1.099441171509735437e-08
3.593039432849491403e-07 1.117173471305659319e-08
3.624836241989752567e-07 1.135031765836078618e-08
3.656633051130013731e-07 1.153015832913665342e-08
3.688429860270274366e-07 1.171125452694079925e-08
3.720226669410535530e-07 1.189360407630495643e-08
3.752023478550796694e-07 1.207720482429427836e-08
3.783820287691057328e-07 1.226205464007815311e-08
3.815617096831318492e-07 1.244815141451305952e-08
3.847413905971579656e-07 1.263549305973703861e-08
3.879210715111840290e-07 1.282407750877531372e-08
3.911007524252101454e-07 1.301390271515665736e-08
3.942804333392362618e-07 1.320496665254011276e-08
3.974601142532623253e-07 1.339726731435170767e-08
4.006397951672884417e-07 1.359080271343076026e-08
4.038194760813145580e-07 1.378557088168550724e-08
4.069991569953406215e-07 1.398156986975763916e-08
4.101788379093667379e-07 1.417879774669552760e-08
4.133585188233928543e-07 1.437725259963575904e-08
4.165381997374189177e-07 1.457693253349275022e-08
4.197178806514450341e-07 1.477783567065615716e-08
4.228975615654711505e-07 1.497996015069580333e-08
4.260772424794972140e-07 1.518330413007388861e-08
4.292569233935233303e-07 1.538786578186424584e-08
4.324366043075494467e-07 1.559364329547841669e-08
4.356162852215755102e-07 1.580063487639829853e-08
4.387959661356016266e-07 1.600883874591520214e-08
4.419756470496277430e-07 1.621825314087506676e-08
4.451553279636538064e-07 1.642887631342966405e-08
4.483350088776799228e-07 1.664070653079363861e-08
4.515146897917060392e-07 1.685374207500711044e-08
4.546943707057321026e-07 1.706798124270375995e-08
4.578740516197582190e-07 1.728342234488423014e-08
4.610537325337843354e-07 1.750006370669455467e-08
4.642334134478103989e-07 1.771790366720969129e-08
4.674130943618365153e-07 1.793694057922175373e-08
4.705927752758626317e-07 1.815717280903301467e-08
4.737724561898886951e-07 1.837859873625339209e-08
4.769521371039148115e-07 1.860121675360242223e-08
4.801318180179408749e-07 1.882502526671543133e-08
4.833114989319669384e-07 1.905002269395392926e-08
4.864911798459930018e-07 1.927620746622008287e-08
4.896708607600191712e-07 1.950357802677502410e-08
4.928505416740452346e-07 1.973213283106100283e-08
4.960302225880712981e-07 1.996187034652742089e-08
4.992099035020974674e-07 2.019278905246023762e-08
5.023895844161235309e-07 2.042488743981498528e-08
5.055692653301495943e-07 2.065816401105336779e-08
5.087489462441757636e-07 2.089261727998288031e-08
5.119286271582018271e-07 2.112824577159993283e-08
5.151083080722278905e-07 2.136504802193599785e-08
5.182879889862540599e-07 2.160302257790687491e-08
5.214676699002801233e-07 2.184216799716486021e-08
5.246473508143061868e-07 2.208248284795401974e-08
5.278270317283323561e-07 2.232396570896806645e-08
5.310067126423584195e-07 2.256661516921113912e-08
5.341863935563844830e-07 2.281042982786128446e-08
5.373660744704106523e-07 2.305540829413648699e-08
5.405457553844367158e-07 2.330154918716325973e-08
5.437254362984627792e-07 2.354885113584787212e-08
5.469051172124889486e-07 2.379731277874978803e-08
5.500847981265150120e-07 2.404693276395763168e-08
5.532644790405410755e-07 2.429770974896746970e-08
5.564441599545672448e-07 2.454964240056323055e-08
5.596238408685933082e-07 2.480272939469941696e-08
5.628035217826193717e-07 2.505696941638601199e-08
5.659832026966455410e-07 2.531236115957536047e-08
5.691628836106716045e-07 2.556890332705112823e-08
5.723425645246976679e-07 2.582659463031940875e-08
5.755222454387238372e-07 2.608543378950153711e-08
5.787019263527499007e-07 2.634541953322896195e-08
5.818816072667759641e-07 2.660655059854004306e-08
5.850612881808021335e-07 2.686882573077846707e-08
5.882409690948281969e-07 2.713224368349353572e-08
5.914206500088542604e-07 2.739680321834233689e-08
5.946003309228804297e-07 2.766250310499333173e-08
5.977800118369064932e-07 2.792934212103177813e-08
6.009596927509325566e-07 2.819731905186682514e-08
6.041393736649587259e-07 2.846643269063996388e-08
6.073190545789847894e-07 2.873668183813525200e-08
6.104987354930108528e-07 2.900806530269100387e-08
6.136784164070370222e-07 2.928058190011281090e-08
6.168580973210630856e-07 2.955423045358818309e-08
6.200377782350891491e-07 2.982900979360258690e-08
6.232174591491153184e-07 3.010491875785676692e-08
6.263971400631413818e-07 3.038195619118547367e-08
6.295768209771674453e-07 3.066012094547762750e-08
6.327565018911936146e-07 3.093941187959755768e-08
6.359361828052196781e-07 3.121982785930771073e-08
6.391158637192457415e-07 3.150136775719254312e-08
6.422955446332719109e-07 3.178403045258352580e-08
6.454752255472979743e-07 3.206781483148552511e-08
6.486549064613240378e-07 3.235271978650423590e-08
6.518345873753502071e-07 3.263874421677473957e-08
6.550142682893762705e-07 3.292588702789123344e-08
6.581939492034023340e-07 3.321414713183791814e-08
6.613736301174285033e-07 3.350352344692078500e-08
6.645533110314545668e-07 3.379401489770057472e-08
6.677329919454806302e-07 3.408562041492680806e-08
6.709126728595067995e-07 3.437833893547271647e-08
6.740923537735328630e-07 3.467216940227121838e-08
6.772720346875589264e-07 3.496711076425185487e-08
6.804517156015850958e-07 3.526316197627875119e-08
6.836313965156111592e-07 3.556032199908928625e-08
6.868110774296372227e-07 3.585858979923402608e-08
6.899907583436633920e-07 3.615796434901720650e-08
6.931704392576894555e-07 3.645844462643830777e-08
6.963501201717155189e-07 3.676002961513442318e-08
6.995298010857416882e-07 3.706271830432351452e-08
7.027094819997677517e-07 3.736650968874832922e-08
7.058891629137938151e-07 3.767140276862147553e-08
7.090688438278199845e-07 3.797739654957088819e-08
7.122485247418460479e-07 3.828449004258633298e-08
7.154282056558721114e-07 3.859268226396671205e-08
7.186078865698982807e-07 3.890197223526785882e-08
7.217875674839243441e-07 3.921235898325131905e-08
7.249672483979504076e-07 3.952384153983385303e-08
7.281469293119765769e-07 3.983641894203744746e-08
7.313266102260026404e-07 4.015009023194020739e-08
7.345062911400287038e-07 4.046485445662792971e-08
7.376859720540548732e-07 4.078071066814618628e-08
7.408656529680809366e-07 4.109765792345330035e-08
7.440453338821070001e-07 4.141569528437378620e-08
7.472250147961331694e-07 4.173482181755251015e-08
7.504046957101592328e-07 4.205503659440945364e-08
7.535843766241852963e-07 4.237633869109516464e-08
7.567640575382114656e-07 4.269872718844663913e-08
7.599437384522375291e-07 4.302220117194395697e-08
7.631234193662635925e-07 4.334675973166753323e-08
7.663031002802897618e-07 4.367240196225569373e-08
7.694827811943158253e-07 4.399912696286310426e-08
7.726624621083418887e-07 4.432693383711960348e-08
7.758421430223680581e-07 4.465582169308956513e-08
7.790218239363941215e-07 4.498578964323181623e-08
7.822015048504201850e-07 4.531683680436020367e-08
7.853811857644463543e-07 4.564896229760445209e-08
7.885608666784724178e-07 4.598216524837165027e-08
7.917405475924984812e-07 4.631644478630833987e-08
7.949202285065246505e-07 4.665180004526284887e-08
7.980999094205507140e-07 4.698823016324831993e-08
8.012795903345767774e-07 4.732573428240610932e-08
8.044592712486029468e-07 4.766431154896968871e-08
8.076389521626290102e-07 4.800396111322896397e-08
8.108186330766550737e-07 4.834468212949511001e-08
8.139983139906812430e-07 4.868647375606578952e-08
8.171779949047073064e-07 4.902933515519080182e-08
8.203576758187333699e-07 4.937326549303823461e-08
8.235373567327595392e-07 4.971826393966099294e-08
8.267170376467856027e-07 5.006432966896366565e-08
8.298967185608116661e-07 5.041146185866991464e-08
8.330763994748378355e-07 5.075965969029032066e-08
8.362560803888638989e-07 5.110892234909033508e-08
8.394357613028899624e-07 5.145924902405891973e-08
8.426154422169161317e-07 5.181063890787753104e-08
8.457951231309421951e-07 5.216309119688924297e-08
8.489748040449682586e-07 5.251660509106848545e-08
8.521544849589944279e-07 5.287117979399123942e-08
8.553341658730204914e-07 5.322681451280503334e-08
8.585138467870465548e-07 5.358350845820003818e-08
8.616935277010727241e-07 5.394126084438003004e-08
8.648732086150987876e-07 5.430007088903373007e-08
8.680528895291248510e-07 5.465993781330668026e-08
8.712325704431510204e-07 5.502086084177333110e-08
8.744122513571770838e-07 5.538283920240938724e-08
8.775919322712031473e-07 5.574587212656455691e-08
8.807716131852293166e-07 5.610995884893578429e-08
8.839512940992553801e-07 5.647509860754032316e-08
8.871309750132814435e-07 5.684129064368968403e-08
8.903106559273076128e-07 5.720853420196350843e-08
8.934903368413336763e-07 5.757682853018377416e-08
8.966700177553597397e-07 5.794617287938945705e-08
8.998496986693859091e-07 5.831656650381149057e-08
9.030293795834119725e-07 5.868800866084764600e-08
9.062090604974380360e-07 5.906049861103815377e-08
9.093887414114642053e-07 5.943403561804146375e-08
9.125684223254902687e-07 5.980861894860997910e-08
9.157481032395163322e-07 6.018424787256650476e-08
9.189277841535425015e-07 6.056092166278075553e-08
9.221074650675685650e-07 6.093863959514594356e-08
9.252871459815946284e-07 6.131740094855600107e-08
9.284668268956207978e-07 6.169720500488278992e-08
9.316465078096468612e-07 6.207805104895357580e-08
9.348261887236729247e-07 6.245993836852885977e-08
9.380058696376990940e-07 6.284286625428047457e-08
9.411855505517251574e-07 6.322683399976958818e-08
9.443652314657512209e-07 6.361184090142546184e-08
9.475449123797773902e-07 6.399788625852414191e-08
9.507245932938034537e-07 6.438496937316713840e-08
9.539042742078296230e-07 6.477308955026096388e-08
9.570839551218556864e-07 6.516224609749635470e-08
9.602636360358817499e-07 6.555243832532787600e-08
9.634433169499078133e-07 6.594366554695376497e-08
9.666229978639338768e-07 6.633592707829610502e-08
9.698026787779599402e-07 6.672922223798090725e-08
9.729823596919862155e-07 6.712355034731872134e-08
9.761620406060122789e-07 6.751891073028516700e-08
9.793417215200383424e-07 6.791530271350194196e-08
9.825214024340644058e-07 6.831272562621780338e-08
9.857010833480904693e-07 6.871117880028997286e-08
9.888807642621165327e-07 6.911066157016540906e-08
9.920604451761428079e-07 6.951117327286255679e-08
9.952401260901688714e-07 6.991271324795320196e-08
9.984198070041949348e-07 7.031528083754448541e-08
1.001599487918220998e-06 7.071887538626108868e-08
1.004779168832247062e-06 7.112349624122775080e-08
1.007958849746273125e-06 7.152914275205163934e-08
1.011138530660299400e-06 7.193581427080523776e-08
1.014318211574325464e-06 7.234351015200919293e-08
1.017497892488351527e-06 7.275222975261549366e-08
1.020677573402377591e-06 7.316197243199062263e-08
1.023857254316403654e-06 7.357273755189915837e-08
1.027036935230429718e-06 7.398452447648717872e-08
1.030216616144455993e-06 7.439733257226611427e-08
1.033396297058482056e-06 7.481116120809660177e-08
1.036575977972508120e-06 7.522600975517265523e-08
1.039755658886534183e-06 7.564187758700587667e-08
1.042935339800560247e-06 7.605876407940982573e-08
1.046115020714586310e-06 7.647666861048449515e-08
1.049294701628612585e-06 7.689559056060111711e-08
1.052474382542638649e-06 7.731552931238686369e-08
1.055654063456664712e-06 7.773648425071003702e-08
1.058833744370690776e-06 7.815845476266498156e-08
1.062013425284716839e-06 7.858144023755752564e-08
1.065193106198742903e-06 7.900544006689022461e-08
1.068372787112769178e-06 7.943045364434819952e-08
1.071552468026795241e-06 7.985648036578444635e-08
1.074732148940821305e-06 8.028351962920599232e-08
1.077911829854847368e-06 8.071157083475961549e-08
1.081091510768873432e-06 8.114063338471825248e-08
1.084271191682899495e-06 8.157070668346690333e-08
1.087450872596925770e-06 8.200179013748911868e-08
1.090630553510951834e-06 8.243388315535348694e-08
1.093810234424977897e-06 8.286698514770022734e-08
1.096989915339003961e-06 8.330109552722798156e-08
1.100169596253030024e-06 8.373621370868059199e-08
1.103349277167056087e-06 8.417233910883413160e-08
1.106528958081082363e-06 8.460947114648399992e-08
1.109708638995108426e-06 8.504760924243209841e-08
1.112888319909134490e-06 8.548675281947419113e-08
1.116068000823160553e-06 8.592690130238735812e-08
1.119247681737186616e-06 8.636805411791767364e-08
1.122427362651212680e-06 8.681021069476767279e-08
1.125607043565238955e-06 8.725337046358425481e-08
1.128786724479265019e-06 8.769753285694662607e-08
1.131966405393291082e-06 8.814269730935422986e-08
1.135146086307317145e-06 8.858886325721486149e-08
1.138325767221343209e-06 8.903603013883307449e-08
1.141505448135369272e-06 8.948419739439825597e-08
1.144685129049395548e-06 8.993336446597324465e-08
1.147864809963421611e-06 9.038353079748268414e-08
1.151044490877447674e-06 9.083469583470186591e-08
1.154224171791473738e-06 9.128685902524537378e-08
1.157403852705499801e-06 9.174001981855599308e-08
1.160583533619525865e-06 9.219417766589350067e-08
1.163763214533552140e-06 9.264933202032381238e-08
1.166942895447578204e-06 9.310548233670806416e-08
1.170122576361604267e-06 9.356262807169190513e-08
1.173302257275630330e-06 9.402076868369475078e-08
1.176481938189656394e-06 9.447990363289927453e-08
1.179661619103682457e-06 9.494003238124079328e-08
1.182841300017708733e-06 9.540115439239698396e-08
1.186020980931734796e-06 9.586326913177736177e-08
1.189200661845760859e-06 9.632637606651340695e-08
1.192380342759786923e-06 9.679047466544802981e-08
1.195560023673812986e-06 9.725556439912589601e-08
1.198739704587839050e-06 9.772164473978314309e-08
1.201919385501865325e-06 9.818871516133769249e-08
1.205099066415891388e-06 9.865677513937927048e-08
1.208278747329917452e-06 9.912582415115990546e-08
1.211458428243943515e-06 9.959586167558412096e-08
1.214638109157969579e-06 1.000668871931996182e-07
1.217817790071995642e-06 1.005389001861874031e-07
1.220997470986021917e-06 1.010119001383528655e-07
1.224177151900047981e-06 1.014858865351160254e-07
1.227356832814074044e-06 1.019608588635025599e-07
1.230536513728100108e-06 1.024368166121346441e-07
1.233716194642126171e-06 1.029137592712217532e-07
1.236895875556152235e-06 1.033916863325517288e-07
1.240075556470178510e-06 1.038705972894817531e-07
1.243255237384204573e-06 1.043504916369295604e-07
1.246434918298230637e-06 1.048313688713646625e-07
1.249614599212256700e-06 1.053132284907995743e-07
1.252794280126282764e-06 1.057960699947812504e-07
1.255973961040308827e-06 1.062798928843823635e-07
1.259153641954335102e-06 1.067646966621930064e-07
1.262333322868361166e-06 1.072504808323119299e-07
1.265513003782387229e-06 1.077372449003385493e-07
1.268692684696413293e-06 1.082249883733643683e-07
1.271872365610439356e-06 1.087137107599649848e-07
1.275052046524465420e-06 1.092034115701915944e-07
1.278231727438491695e-06 1.096940903155631552e-07
1.281411408352517758e-06 1.101857465090582084e-07
1.284591089266543822e-06 1.106783796651070704e-07
1.287770770180569885e-06 1.111719892995835735e-07
1.290950451094595949e-06 1.116665749297976812e-07
1.294130132008622012e-06 1.121621360744873618e-07
1.297309812922648287e-06 1.126586722538109787e-07
1.300489493836674351e-06 1.131561829893394812e-07
1.303669174750700414e-06 1.136546678040490600e-07
1.306848855664726478e-06 1.141541262223134301e-07
1.310028536578752541e-06 1.146545577698963279e-07
1.313208217492778605e-06 1.151559619739442178e-07
1.316387898406804880e-06 1.156583383629787354e-07
1.319567579320830943e-06 1.161616864668893820e-07
1.322747260234857007e-06 1.166660058169265629e-07
1.325926941148883070e-06 1.171712959456939906e-07
1.329106622062909134e-06 1.176775563871418025e-07
1.332286302976935197e-06 1.181847866765593614e-07
1.335465983890961472e-06 1.186929863505682409e-07
1.338645664804987536e-06 1.192021549471150917e-07
1.341825345719013599e-06 1.197122920054650903e-07
1.345005026633039663e-06 1.202233970661946072e-07
1.348184707547065726e-06 1.207354696711847081e-07
1.351364388461091789e-06 1.212485093636142721e-07
1.354544069375118065e-06 1.217625156879532155e-07
1.357723750289144128e-06 1.222774881899557944e-07
1.360903431203170192e-06 1.227934264166541203e-07
1.364083112117196255e-06 1.233103299163514628e-07
1.367262793031222318e-06 1.238281982386159235e-07
1.370442473945248382e-06 1.243470309342735801e-07
1.373622154859274657e-06 1.248668275554024517e-07
1.376801835773300721e-06 1.253875876553258017e-07
1.379981516687326784e-06 1.259093107886061289e-07
1.383161197601352847e-06 1.264319965110384977e-07
1.386340878515378911e-06 1.269556443796447407e-07
1.389520559429404974e-06 1.274802539526668416e-07
1.392700240343431250e-06 1.280058247895611116e-07
1.395879921257457313e-06 1.285323564509917046e-07
1.399059602171483376e-06 1.290598484988250316e-07
1.402239283085509440e-06 1.295883004961234084e-07
1.405418963999535503e-06 1.301177120071392586e-07
1.408598644913561567e-06 1.306480825973090519e-07
1.411778325827587842e-06 1.311794118332475074e-07
1.414958006741613905e-06 1.317116992827416113e-07
1.418137687655639969e-06 1.322449445147450581e-07
1.421317368569666032e-06 1.327791470993722423e-07
1.424497049483692096e-06 1.333143066078928584e-07
1.427676730397718159e-06 1.338504226127257070e-07
1.430856411311744434e-06 1.343874946874337184e-07
1.434036092225770498e-06 1.349255224067177587e-07
1.437215773139796561e-06 1.354645053464112829e-07
1.440395454053822625e-06 1.360044430834750675e-07
1.443575134967848688e-06 1.365453351959914137e-07
1.446754815881874752e-06 1.370871812631587736e-07
1.449934496795901027e-06 1.376299808652865097e-07
1.453114177709927090e-06 1.381737335837891772e-07
1.456293858623953154e-06 1.387184390011816799e-07
1.459473539537979217e-06 1.392640967010735794e-07
1.462653220452005281e-06 1.398107062681640130e-07
1.465832901366031344e-06 1.403582672882365845e-07
1.469012582280057619e-06 1.409067793481539122e-07
1.472192263194083683e-06 1.414562420358525991e-07
1.475371944108109746e-06 1.420066549403383359e-07
1.478551625022135810e-06 1.425580176516804488e-07
1.481731305936161873e-06 1.431103297610072667e-07
1.484910986850187937e-06 1.436635908605007482e-07
1.488090667764214212e-06 1.442178005433918492e-07
1.491270348678240275e-06 1.447729584039551496e-07
1.494450029592266339e-06 1.453290640375045124e-07
1.497629710506292402e-06 1.458861170403877099e-07
1.500809391420318466e-06 1.464441170099819509e-07
1.503989072334344529e-06 1.470030635446888775e-07
1.507168753248370804e-06 1.475629562439298536e-07
1.510348434162396868e-06 1.481237947081412001e-07
1.513528115076422931e-06 1.486855785387694574e-07
1.516707795990448995e-06 1.492483073382668850e-07
1.519887476904475058e-06 1.498119807100868295e-07
1.523067157818501122e-06 1.503765982586785894e-07
1.526246838732527397e-06 1.509421595894836034e-07
1.529426519646553460e-06 1.515086643089303420e-07
1.532606200560579524e-06 1.520761120244300190e-07
1.535785881474605587e-06 1.526445023443721715e-07
1.538965562388631651e-06 1.532138348781199214e-07
1.542145243302657714e-06 1.537841092360057932e-07
1.545324924216683989e-06 1.543553250293272676e-07
1.548504605130710053e-06 1.549274818703422014e-07
1.551684286044736116e-06 1.555005793722649373e-07
1.554863966958762180e-06 1.560746171492615122e-07
1.558043647872788243e-06 1.566495948164456605e-07
1.561223328786814307e-06 1.572255119898744468e-07
1.564403009700840582e-06 1.578023682865439774e-07
1.567582690614866645e-06 1.583801633243854302e-07
1.570762371528892709e-06 1.589588967222605546e-07
1.573942052442918772e-06 1.595385680999578334e-07
1.577121733356944836e-06 1.601191770781881683e-07
1.580301414270970899e-06 1.607007232785808035e-07
1.583481095184997174e-06 1.612832063236793820e-07
1.586660776099023238e-06 1.618666258369376305e-07
1.589840457013049301e-06 1.624509814427158126e-07
1.593020137927075365e-06 1.630362727662760971e-07
1.596199818841101428e-06 1.636224994337793014e-07
1.599379499755127491e-06 1.642096610722804188e-07
1.602559180669153767e-06 1.647977573097248595e-07
1.605738861583179830e-06 1.653867877749445858e-07
1.608918542497205894e-06 1.659767520976543010e-07
1.612098223411231957e-06 1.665676499084475048e-07
1.615277904325258020e-06 1.671594808387927616e-07
1.618457585239284084e-06 1.677522445210298883e-07
1.621637266153310359e-06 1.683459405883661696e-07
1.624816947067336423e-06 1.689405686748724933e-07
1.627996627981362486e-06 1.695361284154798561e-07
1.631176308895388549e-06 1.701326194459754991e-07
1.634355989809414613e-06 1.707300414029993345e-07
1.637535670723440676e-06 1.713283939240402927e-07
1.640715351637466740e-06 1.719276766474324311e-07
1.643895032551493015e-06 1.725278892123519432e-07
1.647074713465519078e-06 1.731290312588127117e-07
1.650254394379545142e-06 1.737311024276635289e-07
1.653434075293571205e-06 1.743341023605841266e-07
1.656613756207597269e-06 1.749380307000817877e-07
1.659793437121623332e-06 1.755428870894877200e-07
1.662973118035649607e-06 1.761486711729540385e-07
1.666152798949675671e-06 1.767553825954495038e-07
1.669332479863701734e-06 1.773630210027567959e-07
1.672512160777727798e-06 1.779715860414688612e-07
1.675691841691753861e-06 1.785810773589854448e-07
1.678871522605779925e-06 1.791914946035096762e-07
1.682051203519806200e-06 1.798028374240453429e-07
1.685230884433832263e-06 1.804151054703923373e-07
1.688410565347858327e-06 1.810282983931444336e-07
1.691590246261884390e-06 1.816424158436856876e-07
1.694769927175910454e-06 1.822574574741868900e-07
1.697949608089936517e-06 1.828734229376026016e-07
1.701129289003962792e-06 1.834903118876681622e-07
1.704308969917988856e-06 1.841081239788955353e-07
1.707488650832014919e-06 1.847268588665712691e-07
1.710668331746040983e-06 1.853465162067525797e-07
1.713848012660067046e-06 1.859670956562644126e-07
1.717027693574093110e-06 1.865885968726963194e-07
1.720207374488119385e-06 1.872110195143995196e-07
1.723387055402145448e-06 1.878343632404833272e-07
1.726566736316171512e-06 1.884586277108124772e-07
1.729746417230197575e-06 1.890838125860039228e-07
1.732926098144223639e-06 1.897099175274239502e-07
1.736105779058249702e-06 1.903369421971846316e-07
1.739285459972275977e-06 1.909648862581418137e-07
1.742465140886302041e-06 1.915937493738908822e-07
1.745644821800328104e-06 1.922235312087647767e-07
1.748824502714354168e-06 1.928542314278305499e-07
1.752004183628380231e-06 1.934858496968866143e-07
1.755183864542406295e-06 1.941183856824595925e-07
1.758363545456432570e-06 1.947518390518020146e-07
1.761543226370458633e-06 1.953862094728883736e-07
1.764722907284484697e-06 1.960214966144132995e-07
1.767902588198510760e-06 1.966577001457881975e-07
1.771082269112536824e-06 1.972948197371383626e-07
1.774261950026562887e-06 1.979328550593004654e-07
1.777441630940589162e-06 1.985718057838195338e-07
1.780621311854615226e-06 1.992116715829459894e-07
1.783800992768641289e-06 1.998524521296332379e-07
1.786980673682667353e-06 2.004941470975348636e-07
1.790160354596693416e-06 2.011367561610015590e-07
1.793340035510719479e-06 2.017802789950786630e-07
1.796519716424745755e-06 2.024247152755036199e-07
1.799699397338771818e-06 2.030700646787028028e-07
1.802879078252797882e-06 2.037163268817891052e-07
1.806058759166823945e-06 2.043635015625594524e-07
1.809238440080850008e-06 2.050115883994917050e-07
1.812418120994876072e-06 2.056605870717424880e-07
1.815597801908902347e-06 2.063104972591444913e-07
1.818777482822928411e-06 2.069613186422033191e-07
1.821957163736954474e-06 2.076130509020956644e-07
1.825136844650980537e-06 2.082656937206661582e-07
1.828316525565006601e-06 2.089192467804251997e-07
1.831496206479032664e-06 2.095737097645461237e-07
1.834675887393058940e-06 2.102290823568630034e-07
1.837855568307085003e-06 2.108853642418675803e-07
1.841035249221111067e-06 2.115425551047071995e-07
1.844214930135137130e-06 2.122006546311824272e-07
1.847394611049163193e-06 2.128596625077439539e-07
1.850574291963189257e-06 2.135195784214908473e-07
1.853753972877215532e-06 2.141804020601677995e-07
1.856933653791241596e-06 2.148421331121624006e-07
1.860113334705267659e-06 2.155047712665031536e-07
1.863293015619293722e-06 2.161683162128568272e-07
1.866472696533319786e-06 2.168327676415262060e-07
1.869652377447345849e-06 2.174981252434475227e-07
1.872832058361372125e-06 2.181643887101883940e-07
1.876011739275398188e-06 2.188315577339448288e-07
1.879191420189424251e-06 2.194996320075397731e-07
1.882371101103450315e-06 2.201686112244200388e-07
1.885550782017476378e-06 2.208384950786542661e-07
1.888730462931502442e-06 2.215092832649306467e-07
1.891910143845528717e-06 2.221809754785548065e-07
1.895089824759554780e-06 2.228535714154467614e-07
1.898269505673580844e-06 2.235270707721397263e-07
1.901449186587606907e-06 2.242014732457769649e-07
1.904628867501632971e-06 2.248767785341100430e-07
1.907808548415659246e-06 2.255529863354964993e-07
1.910988229329685521e-06 2.262300963488973566e-07
1.914167910243711373e-06 2.269081082738751638e-07
1.917347591157737648e-06 2.275870218105920100e-07
1.920527272071763923e-06 2.282668366598068517e-07
1.923706952985789775e-06 2.289475525228734210e-07
1.926886633899816050e-06 2.296291691017385851e-07
1.930066314813841902e-06 2.303116860989393547e-07
1.933245995727868177e-06 2.309951032176017463e-07
1.936425676641894029e-06 2.316794201614375259e-07
1.939605357555920304e-06 2.323646366347430447e-07
1.942785038469946579e-06 2.330507523423966979e-07
1.945964719383972431e-06 2.337377669898566218e-07
1.949144400297998706e-06 2.344256802831592908e-07
1.952324081212024558e-06 2.351144919289165797e-07
1.955503762126050833e-06 2.358042016343145188e-07
1.958683443040077108e-06 2.364948091071106743e-07
1.961863123954102960e-06 2.371863140556320830e-07
1.965042804868129235e-06 2.378787161887739822e-07
1.968222485782155087e-06 2.385720152159965269e-07
1.971402166696181362e-06 2.392662108473241817e-07
1.974581847610207214e-06 2.399613027933425438e-07
1.977761528524233489e-06 2.406572907651968611e-07
1.980941209438259764e-06 2.413541744745903644e-07
1.984120890352285616e-06 2.420519536337814616e-07
1.987300571266311891e-06 2.427506279555826790e-07
1.990480252180337743e-06 2.434501971533580145e-07
1.993659933094364018e-06 2.441506609410215605e-07
1.996839614008390293e-06 2.448520190330351226e-07
2.000019294922416145e-06 2.455542711444062069e-07
2.003198975836442420e-06 2.462574169906871209e-07
2.006378656750468272e-06 2.469614562879714259e-07
2.009558337664494547e-06 2.476663887528936727e-07
2.012738018578520399e-06 2.483722141026263308e-07
2.015917699492546674e-06 2.490789320548786241e-07
2.019097380406572949e-06 2.497865423278944129e-07
2.022277061320598801e-06 2.504950446404500767e-07
2.025456742234625076e-06 2.512044387118532962e-07
2.028636423148650928e-06 2.519147242619405128e-07
2.031816104062677203e-06 2.526259010110759219e-07
2.034995784976703478e-06 2.533379686801488797e-07
2.038175465890729330e-06 2.540509269905721555e-07
2.041355146804755605e-06 2.547647756642809795e-07
2.044534827718781457e-06 2.554795144237300774e-07
2.047714508632807732e-06 2.561951429918929829e-07
2.050894189546833584e-06 2.569116610922593901e-07
2.054073870460859859e-06 2.576290684488339365e-07
2.057253551374886134e-06 2.583473647861341907e-07
2.060433232288911986e-06 2.590665498291886942e-07
2.063612913202938261e-06 2.597866233035362727e-07
2.066792594116964113e-06 2.605075849352227013e-07
2.069972275030990388e-06 2.612294344508003334e-07
2.073151955945016663e-06 2.619521715773258781e-07
2.076331636859042515e-06 2.626757960423582287e-07
2.079511317773068790e-06 2.634003075739580927e-07
2.082690998687094642e-06 2.641257059006844980e-07
2.085870679601120917e-06 2.648519907515948450e-07
2.089050360515146768e-06 2.655791618562420487e-07
2.092230041429173044e-06 2.663072189446734265e-07
2.095409722343199319e-06 2.670361617474289515e-07
2.098589403257225171e-06 2.677659899955392933e-07
2.101769084171251446e-06 2.684967034205249187e-07
2.104948765085277297e-06 2.692283017543935498e-07
2.108128445999303573e-06 2.699607847296393177e-07
2.111308126913329848e-06 2.706941520792408030e-07
2.114487807827355700e-06 2.714284035366589191e-07
2.117667488741381975e-06 2.721635388358367526e-07
2.120847169655407827e-06 2.728995577111961227e-07
2.124026850569434102e-06 2.736364598976377925e-07
2.127206531483459953e-06 2.743742451305383992e-07
2.130386212397486229e-06 2.751129131457498181e-07
2.133565893311512504e-06 2.758524636795974161e-07
2.136745574225538356e-06 2.765928964688778281e-07
2.139925255139564631e-06 2.773342112508587449e-07
2.143104936053590482e-06 2.780764077632760551e-07
2.146284616967616758e-06 2.788194857443331034e-07
2.149464297881643033e-06 2.795634449326989968e-07
2.152643978795668885e-06 2.803082850675065929e-07
2.155823659709695160e-06 2.810540058883521292e-07
2.159003340623721011e-06 2.818006071352921526e-07
2.162183021537747287e-06 2.825480885488436785e-07
2.165362702451773138e-06 2.832964498699813316e-07
2.168542383365799414e-06 2.840456908401368699e-07
2.171722064279825689e-06 2.847958112011970667e-07
2.174901745193851540e-06 2.855468106955021757e-07
2.178081426107877816e-06 2.862986890658453486e-07
2.181261107021903667e-06 2.870514460554700409e-07
2.184440787935929943e-06 2.878050814080694825e-07
2.187620468849956218e-06 2.885595948677848251e-07
2.190800149763982069e-06 2.893149861792032889e-07
2.193979830678008345e-06 2.900712550873579513e-07
2.197159511592034196e-06 2.908284013377248879e-07
2.200339192506060472e-06 2.915864246762228547e-07
2.203518873420086323e-06 2.923453248492112768e-07
2.206698554334112598e-06 2.931051016034891363e-07
2.209878235248138874e-06 2.938657546862934373e-07
2.213057916162164725e-06 2.946272838452976706e-07
2.216237597076191001e-06 2.953896888286112842e-07
2.219417277990216852e-06 2.961529693847766129e-07
2.222596958904243127e-06 2.969171252627695665e-07
2.225776639818269403e-06 2.976821562119965063e-07
2.228956320732295254e-06 2.984480619822940335e-07
2.232136001646321530e-06 2.992148423239271891e-07
2.235315682560347381e-06 2.999824969875878128e-07
2.238495363474373656e-06 3.007510257243941196e-07
2.241675044388399508e-06 3.015204282858884760e-07
2.244854725302425783e-06 3.022907044240361830e-07
2.248034406216452059e-06 3.030618538912249461e-07
2.251214087130477910e-06 3.038338764402622286e-07
2.254393768044504185e-06 3.046067718243756222e-07
2.257573448958530037e-06 3.053805397972095646e-07
2.260753129872556312e-06 3.061551801128260809e-07
2.263932810786582588e-06 3.069306925257020305e-07
2.267112491700608439e-06 3.077070767907282071e-07
2.270292172614634714e-06 3.084843326632084919e-07
2.273471853528660566e-06 3.092624598988580535e-07
2.276651534442686841e-06 3.100414582538021834e-07
2.279831215356712693e-06 3.108213274845755015e-07
2.283010896270738968e-06 3.116020673481198920e-07
2.286190577184765244e-06 3.123836776017841853e-07
2.289370258098791095e-06 3.131661580033217760e-07
2.292549939012817370e-06 3.139495083108904640e-07
2.295729619926843222e-06 3.147337282830507604e-07
2.298909300840869497e-06 3.155188176787646699e-07
2.302088981754895773e-06 3.163047762573946321e-07
2.305268662668921624e-06 3.170916037787014567e-07
2.308448343582947899e-06 3.178793000028448000e-07
2.311628024496973751e-06 3.186678646903800417e-07
2.314807705411000026e-06 3.194572976022588668e-07
2.317987386325025878e-06 3.202475984998265661e-07
2.321167067239052153e-06 3.210387671448217713e-07
2.324346748153078428e-06 3.218308032993751844e-07
2.327526429067104280e-06 3.226237067260074602e-07
2.330706109981130555e-06 3.234174771876297886e-07
2.333885790895156407e-06 3.242121144475409303e-07
2.337065471809182682e-06 3.250076182694271631e-07
2.340245152723208957e-06 3.258039884173609593e-07
2.343424833637234809e-06 3.266012246557990262e-07
2.346604514551261084e-06 3.273993267495826772e-07
2.349784195465286936e-06 3.281982944639350788e-07
2.352963876379313211e-06 3.289981275644611974e-07
2.356143557293339063e-06 3.297988258171463173e-07
2.359323238207365338e-06 3.306003889883545582e-07
2.362502919121391613e-06 3.314028168448287696e-07
2.365682600035417465e-06 3.322061091536877246e-07
2.368862280949443740e-06 3.330102656824270731e-07
2.372041961863469592e-06 3.338152861989164301e-07
2.375221642777495867e-06 3.346211704713993755e-07
2.378401323691522142e-06 3.354279182684919722e-07
2.381581004605547994e-06 3.362355293591813362e-07
2.384760685519574269e-06 3.370440035128255841e-07
2.387940366433600121e-06 3.378533404991511329e-07
2.391120047347626396e-06 3.386635400882531766e-07
2.394299728261652248e-06 3.394746020505940981e-07
2.397479409175678523e-06 3.402865261570019337e-07
2.400659090089704798e-06 3.410993121786696321e-07
2.403838771003730650e-06 3.419129598871541544e-07
2.407018451917756925e-06 3.427274690543751507e-07
2.410198132831782777e-06 3.435428394526139541e-07
2.413377813745809052e-06 3.443590708545129984e-07
2.416557494659835327e-06 3.451761630330739125e-07
2.419737175573861179e-06 3.459941157616569906e-07
2.422916856487887454e-06 3.468129288139806102e-07
2.426096537401913306e-06 3.476326019641186907e-07
2.429276218315939581e-06 3.484531349865017526e-07
2.432455899229965433e-06 3.492745276559140055e-07
2.435635580143991708e-06 3.500967797474935600e-07
2.438815261058017983e-06 3.509198910367309452e-07
2.441994941972043835e-06 3.517438612994676796e-07
2.445174622886070110e-06 3.525686903118963769e-07
2.448354303800095962e-06 3.533943778505585753e-07
2.451533984714122237e-06 3.542209236923443141e-07
2.454713665628148089e-06 3.550483276144913929e-07
2.457893346542174364e-06 3.558765893945838356e-07
2.461073027456200639e-06 3.567057088105509910e-07
2.464252708370226491e-06 3.575356856406668444e-07
2.467432389284252766e-06 3.583665196635488002e-07
2.470612070198278618e-06 3.591982106581568875e-07
2.473791751112304893e-06 3.600307584037926483e-07
2.476971432026331168e-06 3.608641626800981322e-07
2.480151112940357020e-06 3.616984232670549959e-07
2.483330793854383295e-06 3.625335399449838150e-07
2.486510474768409147e-06 3.633695124945423905e-07
2.489690155682435422e-06 3.642063406967259067e-07
2.492869836596461274e-06 3.650440243328648146e-07
2.496049517510487549e-06 3.658825631846246193e-07
2.499229198424513824e-06 3.667219570340051396e-07
2.502408879338539676e-06 3.675622056633382837e-07
2.505588560252565951e-06 3.684033088552891088e-07
2.508768241166591803e-06 3.692452663928530148e-07
2.511947922080618078e-06 3.700880780593558504e-07
2.515127602994644353e-06 3.709317436384530659e-07
2.518307283908670205e-06 3.717762629141277016e-07
2.521486964822696480e-06 3.726216356706912880e-07
2.524666645736722332e-06 3.734678616927810394e-07
2.527846326650748607e-06 3.743149407653602250e-07
2.531026007564774459e-06 3.751628726737169514e-07
2.534205688478800734e-06 3.760116572034629971e-07
2.537385369392827009e-06 3.768612941405330725e-07
2.540565050306852861e-06 3.777117832711838131e-07
2.543744731220879136e-06 3.785631243819935153e-07
2.546924412134904988e-06 3.794153172598604420e-07
2.550104093048931263e-06 3.802683616920022937e-07
2.553283773962957538e-06 3.811222574659552551e-07
2.556463454876983390e-06 3.819770043695733072e-07
2.559643135791009665e-06 3.828326021910271152e-07
2.562822816705035517e-06 3.836890507188031819e-07
2.566002497619061792e-06 3.845463497417035300e-07
2.569182178533087643e-06 3.854044990488436370e-07
2.572361859447113919e-06 3.862634984296532298e-07
2.575541540361140194e-06 3.871233476738739024e-07
2.578721221275166046e-06 3.879840465715588507e-07
2.581900902189192321e-06 3.888455949130723966e-07
2.585080583103218172e-06 3.897079924890889291e-07
2.588260264017244448e-06 3.905712390905913687e-07
2.591439944931270723e-06 3.914353345088715385e-07
2.594619625845296575e-06 3.923002785355284165e-07
2.597799306759322850e-06 3.931660709624675013e-07
2.600978987673348701e-06 3.940327115819003876e-07
2.604158668587374977e-06 3.949002001863434963e-07
2.607338349501400828e-06 3.957685365686171742e-07
2.610518030415427104e-06 3.966377205218457471e-07
2.613697711329453379e-06 3.975077518394552963e-07
2.616877392243479230e-06 3.983786303151740291e-07
2.620057073157505506e-06 3.992503557430311672e-07
2.623236754071531357e-06 4.001229279173556761e-07
2.626416434985557633e-06 4.009963466327760532e-07
2.629596115899583908e-06 4.018706116842195341e-07
2.632775796813609759e-06 4.027457228669102390e-07
2.635955477727636035e-06 4.036216799763703384e-07
2.639135158641661886e-06 4.044984828084171932e-07
2.642314839555688162e-06 4.053761311591638850e-07
2.645494520469714013e-06 4.062546248250183159e-07
2.648674201383740288e-06 4.071339636026817787e-07
2.651853882297766564e-06 4.080141472891487458e-07
2.655033563211792415e-06 4.088951756817055982e-07
2.658213244125818691e-06 4.097770485779308373e-07
2.661392925039844542e-06 4.106597657756931264e-07
2.664572605953870817e-06 4.115433270731512374e-07
2.667752286867897093e-06 4.124277322687532040e-07
2.670931967781922944e-06 4.133129811612351043e-07
2.674111648695949220e-06 4.141990735496213248e-07
2.677291329609975071e-06 4.150860092332223907e-07
2.680471010524001347e-06 4.159737880116354947e-07
2.683650691438027198e-06 4.168624096847432267e-07
2.686830372352053473e-06 4.177518740527126209e-07
2.690010053266079749e-06 4.186421809159947322e-07
2.693189734180105600e-06 4.195333300753237363e-07
2.696369415094131876e-06 4.204253213317164001e-07
2.699549096008157727e-06 4.213181544864710764e-07
2.702728776922184002e-06 4.222118293411670677e-07
2.705908457836210278e-06 4.231063456976643097e-07
2.709088138750236129e-06 4.240017033581014643e-07
2.712267819664262405e-06 4.248979021248969264e-07
2.715447500578288256e-06 4.257949418007464413e-07
2.718627181492314531e-06 4.266928221886236866e-07
2.721806862406340383e-06 4.275915430917786319e-07
2.724986543320366658e-06 4.284911043137374322e-07
2.728166224234392934e-06 4.293915056583012636e-07
2.731345905148418785e-06 4.302927469295458467e-07
2.734525586062445060e-06 4.311948279318209704e-07
2.737705266976470912e-06 4.320977484697492208e-07
2.740884947890497187e-06 4.330015083482259818e-07
2.744064628804523463e-06 4.339061073724183232e-07
2.747244309718549314e-06 4.348115453477635179e-07
2.750423990632575589e-06 4.357178220799706840e-07
2.753603671546601441e-06 4.366249373750173956e-07
2.756783352460627716e-06 4.375328910391506894e-07
2.759963033374653568e-06 4.384416828788857410e-07
2.763142714288679843e-06 4.393513127010055472e-07
2.766322395202706118e-06 4.402617803125599730e-07
2.769502076116731970e-06 4.411730855208647459e-07
2.772681757030758245e-06 4.420852281335017737e-07
2.775861437944784097e-06 4.429982079583176617e-07
2.779041118858810372e-06 4.439120248034230780e-07
2.782220799772836647e-06 4.448266784771926471e-07
2.785400480686862499e-06 4.457421687882632033e-07
2.788580161600888774e-06 4.466584955455350081e-07
2.791759842514914626e-06 4.475756585581686269e-07
2.794939523428940901e-06 4.484936576355867815e-07
2.798119204342966753e-06 4.494124925874713332e-07
2.801298885256993028e-06 4.503321632237646586e-07
2.804478566171019303e-06 4.512526693546679031e-07
2.807658247085045155e-06 4.521740107906402394e-07
2.810837927999071430e-06 4.530961873423988675e-07
2.814017608913097282e-06 4.540191988209179033e-07
2.817197289827123557e-06 4.549430450374281134e-07
2.820376970741149832e-06 4.558677258034160158e-07
2.823556651655175684e-06 4.567932409306225027e-07
2.826736332569201959e-06 4.577195902310443235e-07
2.829916013483227811e-06 4.586467735169309078e-07
2.833095694397254086e-06 4.595747906007858483e-07
2.836275375311279938e-06 4.605036412953647299e-07
2.839455056225306213e-06 4.614333254136755003e-07
2.842634737139332488e-06 4.623638427689774644e-07
2.845814418053358340e-06 4.632951931747802780e-07
2.848994098967384615e-06 4.642273764448445308e-07
2.852173779881410467e-06 4.651603923931796810e-07
2.855353460795436742e-06 4.660942408340444795e-07
2.858533141709463017e-06 4.670289215819459104e-07
2.861712822623488869e-06 4.679644344516383977e-07
2.864892503537515144e-06 4.689007792581238577e-07
2.868072184451540996e-06 4.698379558166505343e-07
2.871251865365567271e-06 4.707759639427125229e-07
2.874431546279593123e-06 4.717148034520493996e-07
2.877611227193619398e-06 4.726544741606452684e-07
2.880790908107645673e-06 4.735949758847285491e-07
2.883970589021671525e-06 4.745363084407706015e-07
2.887150269935697800e-06 4.754784716454865188e-07
2.890329950849723652e-06 4.764214653158331164e-07
2.893509631763749927e-06 4.773652892690094612e-07
2.896689312677776202e-06 4.783099433224551773e-07
2.899868993591802054e-06 4.792554272938509755e-07
2.903048674505828329e-06 4.802017410011174889e-07
2.906228355419854181e-06 4.811488842624143197e-07
2.909408036333880456e-06 4.820968568961405685e-07
2.912587717247906308e-06 4.830456587209330347e-07
2.915767398161932583e-06 4.839952895556667457e-07
2.918947079075958858e-06 4.849457492194535804e-07
2.922126759989984710e-06 4.858970375316416340e-07
2.925306440904010985e-06 4.868491543118157476e-07
2.928486121818036837e-06 4.878020993797954962e-07
2.931665802732063112e-06 4.887558725556359297e-07
2.934845483646089387e-06 4.897104736596258796e-07
2.938025164560115239e-06 4.906659025122879581e-07
2.941204845474141514e-06 4.916221589343785586e-07
2.944384526388167366e-06 4.925792427468857380e-07
2.947564207302193641e-06 4.935371537710305933e-07
2.950743888216219493e-06 4.944958918282652495e-07
2.953923569130245768e-06 4.954554567402728600e-07
2.957103250044272043e-06 4.964158483289671828e-07
2.960282930958297895e-06 4.973770664164912042e-07
2.963462611872324170e-06 4.983391108252184095e-07
2.966642292786350022e-06 4.993019813777501358e-07
2.969821973700376297e-06 5.002656778969165248e-07
2.973001654614402572e-06 5.012302002057750408e-07
2.976181335528428424e-06 5.021955481276104706e-07
2.979361016442454699e-06 5.031617214859346059e-07
2.982540697356480551e-06 5.041287201044846547e-07
2.985720378270506826e-06 5.050965438072239833e-07
2.988900059184532678e-06 5.060651924183410566e-07
2.992079740098558953e-06 5.070346657622483798e-07
2.995259421012585228e-06 5.080049636635831337e-07
2.998439101926611080e-06 5.089760859472051629e-07
3.001618782840637355e-06 5.099480324381980344e-07
3.004798463754663207e-06 5.109208029618674498e-07
3.007978144668689482e-06 5.118943973437410331e-07
3.011157825582715757e-06 5.128688154095679077e-07
3.014337506496741609e-06 5.138440569853176370e-07
3.017517187410767884e-06 5.148201218971810721e-07
3.020696868324793736e-06 5.157970099715681277e-07
3.023876549238820011e-06 5.167747210351085236e-07
3.027056230152845862e-06 5.177532549146506203e-07
3.030235911066872138e-06 5.187326114372611006e-07
3.033415591980898413e-06 5.197127904302247585e-07
3.036595272894924265e-06 5.206937917210435461e-07
3.039774953808950540e-06 5.216756151374361500e-07
3.042954634722976391e-06 5.226582605073378855e-07
3.046134315637002667e-06 5.236417276588995318e-07
3.049313996551028942e-06 5.246260164204877557e-07
3.052493677465054794e-06 5.256111266206834177e-07
3.055673358379081069e-06 5.265970580882824182e-07
3.058853039293106920e-06 5.275838106522937929e-07
3.062032720207133196e-06 5.285713841419407706e-07
3.065212401121159047e-06 5.295597783866589737e-07
3.068392082035185323e-06 5.305489932160963122e-07
3.071571762949211598e-06 5.315390284601131954e-07
3.074751443863237450e-06 5.325298839487806265e-07
3.077931124777263725e-06 5.335215595123814724e-07
3.081110805691289576e-06 5.345140549814086645e-07
3.084290486605315852e-06 5.355073701865648805e-07
3.087470167519342127e-06 5.365015049587628625e-07
3.090649848433367979e-06 5.374964591291237225e-07
3.093829529347394254e-06 5.384922325289782131e-07
3.097009210261420105e-06 5.394888249898636574e-07
3.100188891175446381e-06 5.404862363435267012e-07
3.103368572089472232e-06 5.414844664219199253e-07
3.106548253003498508e-06 5.424835150572031160e-07
3.109727933917524783e-06 5.434833820817423119e-07
3.112907614831550634e-06 5.444840673281089574e-07
3.116087295745576910e-06 5.454855706290803257e-07
3.119266976659602761e-06 5.464878918176381425e-07
3.122446657573629037e-06 5.474910307269687981e-07
3.125626338487655312e-06 5.484949871904623940e-07
3.128806019401681163e-06 5.494997610417124257e-07
3.131985700315707439e-06 5.505053521145157822e-07
3.135165381229733290e-06 5.515117602428714759e-07
3.138345062143759566e-06 5.525189852609810661e-07
3.141524743057785417e-06 5.535270270032474939e-07
3.144704423971811692e-06 5.545358853042748709e-07
3.147884104885837968e-06 5.555455599988683730e-07
3.151063785799863819e-06 5.565560509220328644e-07
3.154243466713890095e-06 5.575673579089740617e-07
3.157423147627915946e-06 5.585794807950963108e-07
3.160602828541942221e-06 5.595924194160032222e-07
3.163782509455968497e-06 5.606061736074970355e-07
3.166962190369994348e-06 5.616207432055775608e-07
3.170141871284020624e-06 5.626361280464432375e-07
3.173321552198046475e-06 5.636523279664886989e-07
3.176501233112072750e-06 5.646693428023063604e-07
3.179680914026098602e-06 5.656871723906843023e-07

