0
0.841871
0.585421
0.48006
0.420756
0.379991
0.352742
0.335599
0.326999
0.320081
0.315028
0.308576
0.307058
0.303042
0.30131
0.300519
0.298042
0.294994
0.291736
0.288679
0.288911
0.287599
0.286214
0.287771
0.287651
0.287978
0.288407
0.286877
0.287501
0.288591
0.2875
0.286807
0.285905
0.286498
0.286504
0.287065
0.287067
0.286913
0.286884
0.287178
0.287591
0.287845
0.287522
0.286699
0.285201
0.285724
0.285596
0.285714
0.286533
0.287029
0.28751
0.287498
0.288593
0.288709
0.289324
0.289187
0.288831
0.289075
0.289276
0.289623
0.288686
0.289223
0.289058
0.289621
0.289363
0.290288
0.290766
0.290434
0.289861
0.290452
0.2907
0.291391
0.291686
0.291814
0.292164
0.292864
0.293177
0.293219
0.293445
0.293372
0.293879
0.294229
0.29467
0.29469
0.294679
0.294645
0.294594
0.294889
0.295258
0.295483
0.295354
0.295906
0.296256
0.296494
0.296672
0.296742
0.296914
0.297055
0.297142
0.297388
0.29769
