0
0.750943
0.368897
0.253695
0.190432
0.15322
0.126598
0.108402
0.094229
0.0840336
0.0756212
0.072523
0.0688324
0.065191
0.0625906
0.0599168
0.0572559
0.0549672
0.0527462
0.0512404
0.0492205
0.0475371
0.0466902
0.0455549
0.0442203
0.0427046
0.0418782
0.040619
0.0396581
0.039082
0.0382567
0.0372457
0.0364218
0.0359264
0.0350014
0.0342785
0.0334849
0.0333019
0.0326617
0.0322996
0.0322256
0.031793
0.0318995
0.0318758
0.0315263
0.0313426
0.0309221
0.0305653
0.0303226
0.0300211
0.029739
0.029703
0.0295033
0.0293623
0.0290376
0.0291503
0.0289419
0.0285899
0.0284986
0.0282106
0.0282137
0.0279223
0.0278466
0.0275368
0.0276995
0.0276938
0.0275857
0.0273766
0.0272066
0.0271542
0.0267986
0.0266897
0.0268102
0.026696
0.0266725
0.0267812
0.0266808
0.0266527
0.0264722
0.0265493
0.0263229
0.026293
0.0264407
0.0263792
0.0261547
0.0262521
0.0263373
0.0264257
0.0266033
0.0265552
0.0265113
0.0264683
0.0264544
0.0264392
0.026435
0.0263203
0.026247
0.0262847
0.0262248
0.0264103
0.0264988
