0.835897
0.811594
0.828423
0.832051
0.825641
0.821659
0.821033
0.821922
0.822851
0.82266
0.803233
0.790388
0.781157
0.771222
0.761905
0.75792
0.752677
0.744736
0.740448
0.73516
0.724138
0.71454
0.702403
0.693882
0.687807
0.680842
0.67367
0.669646
0.664578
0.659081
0.649388
0.641066
0.632637
0.625745
0.620292
0.615148
0.609027
0.603246
0.597565
0.591693
0.584559
0.577306
0.570607
0.565426
0.56049
0.5546
0.548897
0.544
0.537761
0.532407
0.526346
0.520738
0.514393
0.508271
0.503099
0.498041
0.493147
0.488645
0.483914
0.479133
0.473705
0.468767
0.464521
0.459778
0.455276
0.451027
0.446099
0.441766
0.437808
0.433545
0.429118
0.425202
0.420904
0.416866
0.412828
0.409164
0.405528
0.4022
0.398436
0.395036
0.39143
0.388404
0.385356
0.381932
0.379102
0.37613
0.372528
0.36976
0.366817
0.364028
