0
0.247525
0.168889
0.139394
0.119048
0.117747
0.117143
0.113892
0.115471
0.110891
0.108108
0.106346
0.103614
0.101994
0.10177
0.101623
0.0996656
0.0992318
0.0975911
0.0963927
0.0957265
0.0938529
0.0928382
0.0925358
0.0917659
0.0901205
0.0896424
0.0878774
0.087222
0.0862362
0.0874948
0.0857372
0.0869225
0.0866082
0.0879612
0.0895795
0.0893495
0.0900838
0.0897611
0.0886076
0.087268
0.0877473
0.087011
0.0869432
0.0866827
0.0864198
0.0863413
0.0878187
0.0875243
0.0871697
0.0880857
0.0884909
0.0892857
0.0897338
0.0896603
0.0898601
0.0896101
0.0883055
0.0874765
0.0878942
0.0869863
0.0872106
0.0871011
0.086444
0.0856098
0.0849437
0.0849906
0.0850319
0.0841273
0.0840168
0.0835968
0.0838043
0.0831573
0.0826399
0.0830527
0.0826721
0.0829838
0.0825225
0.0822064
0.0820018
0.0820637
0.0823771
0.0823907
0.0819016
0.0818212
0.0814295
0.0807754
0.0808953
0.0808928
0.0804256
0.0810268
0.080791
0.0808801
0.0808658
0.0807435
0.0807636
0.0803493
0.0810772
0.0811466
0.0812032
0.0811075
