0
0.325581
0.265823
0.222857
0.195067
0.170956
0.160686
0.146023
0.139456
0.139086
0.129529
0.124788
0.121383
0.115709
0.111111
0.108071
0.108161
0.108411
0.110312
0.108808
0.107182
0.104446
0.106625
0.105027
0.10292
0.100922
0.101249
0.0996102
0.0985678
0.0977105
0.0969673
0.0951638
0.095401
0.0951147
0.0930985
0.0949721
0.0944426
0.0936877
0.0922629
0.0913996
0.0904007
0.0897162
0.0881123
0.0886039
0.0885788
0.088963
0.0893687
0.0888591
0.0888948
0.089707
0.0892402
0.0894065
0.089497
0.0893504
0.0889841
0.0890555
0.089294
0.0887882
0.0893892
0.0893524
0.0892819
0.0885726
0.0886288
0.0882656
0.0878763
0.0874525
0.0879905
0.0878431
0.0877397
0.088179
0.0881964
0.087988
0.0874931
0.0867356
0.086145
0.0863016
0.0856194
0.0850328
0.0852806
0.0849025
0.0851205
0.0849072
0.0850683
0.0844844
0.0848937
0.0844871
0.0836833
0.0828848
0.0823583
0.0826185
0.0826372
0.0819672
0.0817251
0.0815972
0.0816122
0.0812846
0.0813134
0.0812963
0.0812569
0.0811626
0.0816243
