0
0.357143
0.214953
0.189944
0.176724
0.144828
0.132768
0.122596
0.122407
0.12782
0.119863
0.112698
0.114925
0.113764
0.111851
0.109415
0.107579
0.108876
0.107551
0.10742
0.103522
0.102484
0.101815
0.101744
0.0988806
0.0970962
0.0958296
0.0942907
0.0919732
0.0905383
0.089101
0.0873937
0.0868914
0.0858401
0.0845878
0.0833912
0.0827119
0.0822281
0.080207
0.0796686
0.0795739
0.077771
0.0773381
0.077374
0.0772334
0.0778342
0.07828
0.0792617
0.0803619
0.0796646
0.0789474
0.0786687
0.0793651
0.0780107
0.0785065
0.0771388
0.0764977
0.076087
0.0751006
0.0751318
0.0752501
0.0749354
0.0740111
0.0739496
0.0743047
0.0737403
0.0738499
0.0743108
0.0752858
0.0748246
0.0750577
0.075228
0.075188
0.0742666
0.0741012
0.0740875
0.0741797
0.0744153
0.0734523
0.0735751
0.0737957
0.0748988
0.0743086
0.0738786
0.0737357
0.0743243
0.0738618
0.0741091
0.0741202
0.0733436
0.073498
0.0730897
0.074284
0.0741507
0.0758197
0.0764774
0.0761087
0.0755467
0.0756939
0.0756817
0.0766474
