3.179680914133905882e-09 -1.104468407071118286e+01 6.884270930307462288e-02
6.359361828267811764e-09 -1.033109554473534075e+01 7.170095273808795022e-02
9.539042742401717232e-09 -9.814338789224439807e+00 6.922154948808090236e-02
1.271872365653562353e-08 -9.940539808319929449e+00 6.896978591227358180e-02
1.589840457066952982e-08 -9.631462454862388611e+00 6.716784108208195825e-02
1.907808548480343446e-08 -9.606454835030723061e+00 6.817232104217264832e-02
2.225776639893734241e-08 -9.562462498983832049e+00 7.190708870466873404e-02
2.543744731307124706e-08 -9.412821521246035772e+00 7.320583985630436941e-02
2.861712822720515500e-08 -9.328530300066098846e+00 1.001681648013092174e-01
3.179680914133905965e-08 -1.126822755437974877e+01 3.783957036062763457e+00
3.497649005547296760e-08 -9.241726423505372878e+00 1.000242791355478861e-01
3.815617096960686893e-08 -9.270382140260238657e+00 7.918386490099416086e-02
4.133585188374077688e-08 -9.183750429653786185e+00 6.889181776220945630e-02
4.451553279787468483e-08 -9.093348174484626512e+00 7.063628710398016375e-02
4.769521371200858616e-08 -9.411830939488961434e+00 8.362010571902747658e-02
5.087489462614249411e-08 -9.187865819616334306e+00 8.432957370738290714e-02
5.405457554027640206e-08 -9.256866177979924615e+00 9.783479807666996264e-02
5.723425645441031001e-08 -9.318414191959666582e+00 1.178955235456501244e-01
6.041393736854421796e-08 -9.464149297641895942e+00 1.575783722365076134e-01
6.359361828267811929e-08 -1.027413980861171261e+01 2.243729691907968338e+00
6.677329919681202062e-08 -9.104864875962874748e+00 1.169922403302174480e-01
6.995298011094593519e-08 -9.232660776121431212e+00 1.741929530924701541e-01
7.313266102507983652e-08 -1.110048386312451996e+01 2.494142961288250415e+00
7.631234193921373786e-08 -1.224335494282900605e+01 2.912681164637637377e+00
7.949202285334765242e-08 -8.687138511855135192e+00 1.176820535674881485e-01
8.267170376748155376e-08 -8.901000052729795442e+00 1.604683398794017612e-01
8.585138468161545509e-08 -9.405645511167046280e+00 1.798939706538172478e+00
8.903106559574936966e-08 -9.612125998634780899e+00 1.585398741974633596e+00
9.221074650988327099e-08 -1.243914417222089064e+01 3.114358824515012891e+00
9.539042742401717232e-08 -1.162765044354317823e+01 2.765361712699044183e+00
