0
0.824324
0.556845
0.413425
0.343803
0.306013
0.289385
0.277497
0.270165
0.264567
0.262233
0.260724
0.259689
0.259453
0.260337
0.258833
0.259205
0.259414
0.258605
0.259651
0.259631
0.260979
0.262347
0.263314
0.263833
0.263648
0.262731
0.262573
0.264814
0.264781
0.267406
0.26857
0.268377
0.269062
0.270683
0.270668
0.270899
0.271811
0.271853
0.272438
0.27476
0.276217
0.276983
0.278277
0.27908
0.278759
0.279798
0.279816
0.280231
0.279823
0.280249
0.280209
0.281418
0.281585
0.282328
0.283048
0.28334
0.283778
0.284793
0.284468
0.284999
0.285347
0.286061
0.286852
0.287393
0.287781
0.288981
0.289958
0.290246
0.290265
0.290866
0.29208
0.292625
0.293896
0.293936
0.294782
0.29603
0.296056
0.296724
0.297562
0.297764
0.298095
0.298944
0.299352
0.299031
0.299311
0.29973
0.300515
0.300859
0.301211
0.3013
0.302352
0.302835
0.303508
0.303932
0.304004
0.304622
0.304197
0.305104
0.305992
0.306519
