0
0.679104
0.333922
0.225268
0.172414
0.137681
0.115758
0.100779
0.0870736
0.0789896
0.0721501
0.0677736
0.0637146
0.0607067
0.0576592
0.0555252
0.0534451
0.0513913
0.0494479
0.04763
0.0462901
0.045474
0.0438813
0.0421699
0.0410276
0.0400445
0.0389867
0.0381334
0.0374132
0.0368291
0.0364424
0.0354632
0.0352403
0.0350252
0.0342387
0.033741
0.033274
0.0325301
0.032296
0.0319407
0.0318511
0.0313725
0.0306771
0.0301749
0.0296415
0.0290783
0.0291754
0.0286823
0.0285533
0.0281016
0.0283376
0.0278644
0.0275302
0.0274559
0.0271796
0.0268311
0.0263596
0.0260013
0.0256571
0.0256524
0.0256544
0.0255421
0.0252619
0.0251562
0.0248687
0.0249251
0.0247525
0.0247914
0.024517
0.0245136
0.024263
0.0242098
0.024212
0.0240858
0.0238955
0.0237687
0.0234913
0.0233755
0.0236264
0.0234391
0.0233808
0.0238475
0.0238861
0.0237941
0.0237607
0.0235741
0.0234874
0.023361
0.023243
0.0233137
0.0234055
0.0232863
0.0232394
0.0231281
0.023096
0.0231002
0.0229924
0.0228828
0.0228952
0.0229834
0.0228945
