0.802139
0.804677
0.805755
0.810683
0.815818
0.815622
0.813421
0.819832
0.819785
0.819232
0.802004
0.788238
0.782205
0.771385
0.764286
0.757236
0.753457
0.750704
0.744463
0.738415
0.728719
0.717936
0.708559
0.699956
0.692201
0.68622
0.678652
0.673878
0.668837
0.665397
0.657924
0.650262
0.643202
0.63514
0.628624
0.622142
0.616182
0.611115
0.605726
0.600745
0.593709
0.587038
0.579614
0.572316
0.56685
0.561756
0.555637
0.55077
0.545174
0.53972
0.533663
0.52807
0.522944
0.517438
0.512501
0.507849
0.502748
0.497985
0.493918
0.489436
0.484189
0.4794
0.475393
0.470828
0.466108
0.462207
0.458442
0.454733
0.451144
0.447628
0.4441
0.440822
0.437282
0.434226
0.430885
0.427666
0.424393
0.420947
0.417514
0.414148
0.4114
0.408564
0.405451
0.402841
0.400435
0.397919
0.395225
0.392943
0.391009
0.388474
