0
0.314516
0.189873
0.139466
0.115124
0.100186
0.0904836
0.0796221
0.0710128
0.0639835
0.0611677
0.0590791
0.0585326
0.0560821
0.0538922
0.0522599
0.0509042
0.0533076
0.0514391
0.050907
0.0503356
0.0507559
0.050183
0.0494949
0.0495827
0.0502633
0.0500928
0.0489009
0.048198
0.0473373
0.047717
0.0477528
0.0475442
0.0467254
0.047247
0.0476537
0.0472637
0.0467388
0.0454854
0.0445035
0.0445818
0.0442816
0.0445067
0.0445258
0.0441659
0.0439977
0.0442478
0.0436486
0.0433947
0.0431732
0.0426829
0.0419271
0.0416029
0.0410925
0.0408968
0.0403284
0.0406369
0.0401681
0.0402669
0.0399729
0.040258
0.0400613
0.0396723
0.0393032
0.0392977
0.0391027
0.0394309
0.0391095
0.0390331
0.0392042
0.0397377
0.0395362
0.0396855
0.0393207
0.0391692
0.0386482
0.0384137
0.0388264
0.038675
0.0383102
0.03839
0.0381718
0.03813
0.0379124
0.0375366
0.0374779
0.0373787
0.0375432
0.0378295
0.0379902
0.0378501
0.0376086
0.0376185
0.0376061
0.037848
0.037752
0.0377973
0.0377226
0.0376337
0.0373935
0.0373602
