0
0.289256
0.216814
0.148571
0.126464
0.103578
0.0920245
0.0825566
0.0735981
0.0668016
0.064695
0.0629921
0.0603306
0.0579151
0.0582596
0.0575439
0.0561427
0.0549242
0.0561661
0.0546194
0.0537815
0.0520386
0.0512017
0.0502765
0.0488281
0.049435
0.0480549
0.0472581
0.0467532
0.0455876
0.0448613
0.0435127
0.0435789
0.0438695
0.0430029
0.0431858
0.0420255
0.0417227
0.0416393
0.0414524
0.0410016
0.0416157
0.0409269
0.0408223
0.0413912
0.041208
0.0417588
0.0413156
0.0414882
0.0411827
0.0412131
0.0412424
0.0410616
0.0408264
0.0407131
0.0408163
0.0403546
0.0402576
0.0397186
0.0395973
0.039233
0.0390233
0.0391314
0.03895
0.0382775
0.038058
0.0381648
0.037853
0.0375123
0.0374196
0.0372361
0.0369668
0.0365603
0.0366415
0.0372118
0.0371296
0.0374802
0.0369535
0.0370625
0.0370872
0.0368571
0.03708
0.0369519
0.0371512
0.0371025
0.0368605
0.0371654
0.0375389
0.0372881
0.0371106
0.0370426
0.0372086
0.0372836
0.0371998
0.0370532
0.0371009
0.0369051
0.0366765
0.036536
0.0364115
0.0365585
