0
0.348837
0.183486
0.128834
0.0897959
0.0786885
0.0698925
0.0668258
0.0611814
0.0562016
0.056042
0.0531561
0.0525478
0.0489614
0.0480226
0.0485175
0.0473146
0.046798
0.0448113
0.0441176
0.0434311
0.0421496
0.0423814
0.0429688
0.0432738
0.0430403
0.0418895
0.0415584
0.040201
0.0407498
0.0396825
0.0393822
0.0382883
0.0380952
0.0378842
0.0366022
0.0365606
0.0363997
0.035668
0.0346784
0.0348259
0.0342508
0.0352449
0.0357562
0.0352601
0.0346198
0.0345212
0.0338428
0.0343348
0.0336134
0.0333676
0.0331658
0.0327706
0.0332844
0.0334302
0.0338256
0.0338028
0.0338119
0.0341219
0.0340654
0.0335689
0.0347826
0.0350278
0.03483
0.0353137
0.0348361
0.0352084
0.0346476
0.0345369
0.0340426
0.0340474
0.0336357
0.0336197
0.0332471
0.0328347
0.0335256
0.0334758
0.0332038
0.0331588
0.0330806
0.0330044
0.0332773
0.0332447
0.0337594
0.0337882
0.0333976
0.0334821
0.0332384
0.0330293
0.0330218
0.0335901
0.0338002
0.0337858
0.0334728
0.0330676
0.0336061
0.0334198
0.0330579
0.0330415
0.0327181
0.0323294
