3.179680914132758582e-09 -1.031147156083691208e+01 7.112588523100832338e-02
6.359361828265517165e-09 -9.860575607558027755e+00 7.452937059766685801e-02
9.539042742398276161e-09 -9.796992218404806607e+00 7.424140308671481336e-02
1.271872365653103433e-08 -9.501862105873973618e+00 7.496570954020782829e-02
1.589840457066379250e-08 -9.388436220858965342e+00 6.797116701157790430e-02
1.907808548479655232e-08 -9.307882200632121794e+00 7.283746338889453276e-02
2.225776639892930884e-08 -9.173875425343856804e+00 7.487578538959570318e-02
2.543744731306206866e-08 -9.052925516875868439e+00 8.408770060852407968e-02
2.861712822719482517e-08 -9.185880988160466387e+00 1.303323328299310913e-01
3.179680914132758500e-08 -1.015772948783117080e+01 3.842581169459256873e+00
3.497649005546034151e-08 -9.127565814904178509e+00 1.215489263231899209e-01
3.815617096959310464e-08 -8.961025297348433227e+00 8.052970982311245807e-02
4.133585188372586116e-08 -8.683600823751808306e+00 7.119641021650291446e-02
4.451553279785861767e-08 -8.840116049354167060e+00 7.643328849017407001e-02
4.769521371199138080e-08 -8.698054670987152903e+00 7.953291017453920086e-02
5.087489462612413732e-08 -8.782323274347099584e+00 8.247780087100275992e-02
5.405457554025689383e-08 -8.654570174819124162e+00 7.881123158030538256e-02
5.723425645438965035e-08 -8.741098815373131714e+00 8.120961567416273841e-02
6.041393736852240686e-08 -8.643422386637919175e+00 8.484711631148871003e-02
6.359361828265516999e-08 -9.844894049934270086e+00 2.516275413889144552e+00
6.677329919678793312e-08 -8.618734581301474407e+00 7.829561540604623726e-02
6.995298011092068302e-08 -8.518019256576840448e+00 8.271321723804286874e-02
7.313266102505344615e-08 -8.547579233036417534e+00 9.671387830247386852e-02
7.631234193918620929e-08 -8.290606766764931024e+00 8.506660359160143903e-02
7.949202285331895918e-08 -8.579391914640593697e+00 1.070210523311795198e-01
8.267170376745172231e-08 -8.494540898727994005e+00 9.709098503089232113e-02
8.585138468158448545e-08 -8.466364119077599781e+00 1.056000919371656854e-01
8.903106559571723534e-08 -8.570378947282515369e+00 1.294997029387519594e-01
9.221074650984999848e-08 -8.177689249048777143e+00 9.951538999571844790e-02
9.539042742398276161e-08 -8.375806858797803400e+00 1.271733637275117013e-01
