0
0.783883
0.410882
0.270037
0.205441
0.16044
0.13431
0.114805
0.100996
0.0897538
0.0818378
0.0792313
0.0762088
0.0733638
0.0704591
0.067601
0.0651945
0.063002
0.0607375
0.0584431
0.0566873
0.0550675
0.0538922
0.0529589
0.0517442
0.0505354
0.0496635
0.048299
0.0471456
0.0460899
0.0454178
0.0447174
0.0438247
0.0429063
0.0420193
0.0420468
0.0415911
0.0413144
0.0409411
0.0407739
0.040337
0.0398903
0.0391273
0.0384661
0.0378947
0.0375931
0.0374157
0.0371678
0.0368085
0.0367538
0.0363883
0.0364381
0.0361627
0.0360316
0.0361446
0.0357621
0.0354824
0.0352537
0.0348858
0.034867
0.0345742
0.0342424
0.0340802
0.0339527
0.0340125
0.0336424
0.0336297
0.0335886
0.0332834
0.0330585
0.0327404
0.0326293
0.0327428
0.0324508
0.0325215
0.0324834
0.0327764
0.0329732
0.03313
0.032961
0.032678
0.032689
0.0326238
0.0325795
0.0324023
0.0322705
0.0320325
0.0324182
0.0323343
0.0324983
0.0321698
0.032027
0.0319776
0.03195
0.0317988
0.0317203
0.0316441
0.031567
0.0314903
0.0318202
0.0318002
