0
0.897092
0.577009
0.467958
0.407902
0.376407
0.358002
0.34399
0.334174
0.324887
0.315943
0.315173
0.313694
0.310661
0.311913
0.3092
0.307781
0.307536
0.306897
0.306584
0.304076
0.303927
0.303133
0.303315
0.304616
0.306404
0.307168
0.30821
0.308054
0.308211
0.308417
0.308329
0.309503
0.309722
0.310872
0.312173
0.313524
0.314163
0.314246
0.313725
0.314828
0.315903
0.31686
0.317743
0.318658
0.318449
0.318886
0.318876
0.319338
0.3207
0.321558
0.321061
0.321072
0.321455
0.322024
0.323856
0.324249
0.324103
0.325616
0.326193
0.326698
0.327376
0.327924
0.328766
0.329624
0.330152
0.331471
0.33206
0.332567
0.332963
0.333794
0.333991
0.334323
0.334372
0.334389
0.335002
0.335746
0.336153
0.336604
0.337091
0.337561
0.33757
0.337565
0.33841
0.338529
0.339308
0.339553
0.339841
0.340391
0.340903
0.341781
0.342305
0.342615
0.343046
0.343102
0.343555
0.343892
0.344066
0.34454
0.34495
0.345489
