0.80798
0.812821
0.806234
0.809675
0.814096
0.81651
0.815896
0.81692
0.813613
0.8147
0.798688
0.788375
0.778954
0.771842
0.76329
0.756766
0.750457
0.744889
0.73979
0.734549
0.724714
0.714235
0.707063
0.698286
0.690252
0.682951
0.677562
0.672263
0.666905
0.660929
0.652185
0.644291
0.637081
0.630685
0.623918
0.617196
0.610832
0.603937
0.599329
0.59391
0.585971
0.580476
0.575434
0.569454
0.563462
0.558244
0.552445
0.546435
0.540791
0.536058
0.529545
0.524029
0.518614
0.512947
0.506967
0.501853
0.497602
0.491962
0.487936
0.4833
0.478193
0.473092
0.468243
0.46338
0.458959
0.454248
0.450393
0.446638
0.442729
0.43967
0.434741
0.431009
0.427174
0.423393
0.419962
0.416404
0.412919
0.409255
0.40604
0.403232
0.400085
0.396887
0.393838
0.391147
0.388548
0.385704
0.382915
0.380972
0.378582
0.376215
