0
0.342342
0.201681
0.145205
0.108871
0.0938023
0.0789845
0.0718711
0.0652174
0.0628627
0.058669
0.0580431
0.0554254
0.0526316
0.0521429
0.0515954
0.0501629
0.0497822
0.0494274
0.047619
0.0456825
0.0456718
0.0468909
0.044878
0.04354
0.0423497
0.0421099
0.0415405
0.0405858
0.0413458
0.0418641
0.041138
0.0422746
0.0416971
0.0414286
0.0418702
0.0420082
0.0411371
0.040275
0.0398979
0.039975
0.0401225
0.0405405
0.0409064
0.0402994
0.0398868
0.0396341
0.0394129
0.0389853
0.0389848
0.0383428
0.0389479
0.039653
0.039297
0.0391921
0.0387066
0.0387651
0.0385757
0.038961
0.0390815
0.0384448
0.038297
0.0382179
0.0382775
0.0386672
0.0385552
0.0382382
0.0377247
0.0373977
0.0372218
0.0366522
0.036401
0.0362666
0.036195
0.0361316
0.0368598
0.0368098
0.0364799
0.0367899
0.036336
0.0360481
0.0357555
0.0358832
0.0360084
0.0358966
0.0359055
0.0356698
0.0356592
0.0358396
0.03593
0.0358476
0.0357829
0.0360545
0.0359524
0.0357604
0.0355923
0.0353422
0.0351317
0.0349448
0.0346196
0.0342447
