0
0.238938
0.175439
0.126888
0.107306
0.0915751
0.0764618
0.0686528
0.0658343
0.0630722
0.0591447
0.0600343
0.0588235
0.0571211
0.0565345
0.0553997
0.0555556
0.0553411
0.054803
0.0552585
0.0534395
0.0530925
0.0521877
0.0522312
0.0520118
0.0511848
0.0509876
0.0506667
0.05026
0.0500631
0.0494281
0.0498405
0.0496509
0.0493967
0.0486645
0.0485714
0.0480669
0.0478615
0.0469111
0.0466321
0.046673
0.04592
0.0467375
0.0461266
0.0456912
0.0453515
0.0458971
0.0458265
0.0457954
0.0459318
0.0453842
0.0453739
0.044899
0.0447761
0.0443645
0.0439716
0.0438515
0.0434584
0.0435175
0.0434686
0.043326
0.043319
0.0433213
0.042914
0.0426365
0.042328
0.041951
0.041502
0.0415529
0.0411515
0.0408163
0.0405558
0.040548
0.0407009
0.0407427
0.04062
0.0402814
0.040146
0.0398147
0.0393621
0.0389828
0.0386905
0.0387192
0.0386231
0.0388862
0.0387904
0.0385097
0.0383901
0.0381259
0.0379728
0.0382366
0.0379315
0.0378188
0.0380648
0.0379528
0.0376176
0.0372987
0.0370111
0.0370782
0.0368588
0.0366735
