0
0.285714
0.2
0.152318
0.123153
0.103321
0.0987654
0.0923913
0.0855107
0.0772443
0.0703422
0.0658363
0.0631229
0.0601266
0.0572289
0.0551524
0.0538674
0.053455
0.0524345
0.0498221
0.0490308
0.051087
0.0510417
0.0505051
0.0528376
0.0511848
0.0501825
0.0484155
0.047373
0.0478188
0.0464927
0.04531
0.0465839
0.0462822
0.0457903
0.046176
0.046034
0.0461433
0.0453009
0.0450928
0.0456621
0.0447857
0.044598
0.0441718
0.0431396
0.0429665
0.0430787
0.0426727
0.0422613
0.0425647
0.0428345
0.0423117
0.0419616
0.042394
0.0419339
0.0415861
0.0409329
0.0403566
0.0401292
0.0399274
0.0401606
0.0408253
0.0408954
0.040747
0.0409528
0.0408416
0.0405186
0.0407186
0.0401101
0.0404355
0.0410433
0.0404537
0.0404798
0.0401917
0.0395932
0.0394831
0.0397445
0.0392294
0.0391545
0.0390277
0.0390758
0.0392749
0.0388704
0.0388158
0.0387118
0.0382268
0.0380469
0.0379667
0.0377535
0.0376543
0.0377129
0.0373269
0.0373134
0.0375406
0.0377967
0.0377358
0.0373456
0.0372795
0.0369222
0.0370164
0.0366391
