3.179680914133684197e-09 -1.312655466628827305e+01 9.339049442904547027e-02
6.359361828267368395e-09 -1.240768372787854723e+01 7.945043875397049538e-02
9.539042742401052179e-09 -1.173902791893047670e+01 7.912512413607980521e-02
1.271872365653473679e-08 -1.138741380682767179e+01 7.774198518485925247e-02
1.589840457066842140e-08 -1.102696256817991305e+01 7.377058456745330672e-02
1.907808548480210436e-08 -1.065130579427292901e+01 7.771437959120100492e-02
2.225776639893579062e-08 -1.058823748275697163e+01 7.317955582643966006e-02
2.543744731306947358e-08 -1.007676056036043022e+01 7.685658408885012727e-02
2.861712822720315654e-08 -1.014984209147615957e+01 1.357160781688225848e-01
3.179680914133684280e-08 -8.115718873952996404e+00 3.423162829433123111e+00
3.497649005547052576e-08 -9.849251481156379384e+00 1.132043502100669452e-01
3.815617096960420872e-08 -9.634967608474823919e+00 8.644441299287877745e-02
4.133585188373789167e-08 -9.540470602477576278e+00 9.023943155246187675e-02
4.451553279787158125e-08 -9.428316528298497090e+00 8.035259227146644700e-02
4.769521371200526420e-08 -9.440453678012717731e+00 9.505980651085664535e-02
5.087489462613894716e-08 -9.461296564811865650e+00 8.645108688695495036e-02
5.405457554027263012e-08 -9.235921967817420253e+00 9.363747230934253707e-02
5.723425645440631307e-08 -9.130512449875752168e+00 9.729873112152401249e-02
6.041393736853999603e-08 -8.914059375086997861e+00 8.933524550520392793e-02
6.359361828267368560e-08 -1.154315279989384280e+01 2.855438951051666674e+00
6.677329919680736194e-08 -8.895809887973367580e+00 9.932396321767240910e-02
6.995298011094105152e-08 -8.868577641065504835e+00 1.036062584087089899e-01
7.313266102507474109e-08 -8.992338061078138267e+00 1.394097134924241754e-01
7.631234193920841743e-08 -8.648236487251313775e+00 9.089036320325151463e-02
7.949202285334210700e-08 -8.591134178496114160e+00 1.095543183445166213e-01
8.267170376747578334e-08 -8.464754787336477904e+00 9.921256094806568671e-02
8.585138468160947292e-08 -8.388470683664882799e+00 9.289107019484049710e-02
8.903106559574316249e-08 -8.594441039791016479e+00 1.241064286868221039e-01
9.221074650987683883e-08 -8.312267675376116216e+00 1.041707885866988981e-01
9.539042742401052841e-08 -8.168458583952247665e+00 9.600409984870973690e-02
