0
0.686207
0.354386
0.238208
0.181172
0.146132
0.12267
0.104777
0.0931818
0.0822963
0.0736767
0.0697439
0.0658606
0.0636171
0.0609225
0.0577876
0.0553806
0.0541698
0.0519575
0.0503948
0.04914
0.0473424
0.0461698
0.0447284
0.0437801
0.0424977
0.0415312
0.0408876
0.0400203
0.0392415
0.0388318
0.0385218
0.0379805
0.0378282
0.0371173
0.0369482
0.0363737
0.0359442
0.0353774
0.035388
0.0350302
0.0349167
0.0348865
0.0345154
0.0341305
0.0338693
0.0338186
0.0338201
0.0334629
0.0337651
0.0332952
0.0333844
0.0332463
0.0331426
0.0330266
0.0329649
0.0331331
0.0327763
0.0325691
0.0323879
0.0323519
0.0321037
0.0320452
0.0323859
0.0320945
0.0321762
0.0318805
0.0317296
0.031348
0.0311097
0.0310332
0.0312735
0.0312315
0.0315289
0.0316109
0.0315302
0.0316256
0.0315387
0.0315442
0.031787
0.0320762
0.0325403
0.0327535
0.0328081
0.0329107
0.0330248
0.0331599
0.0330789
0.0331166
0.0329697
0.0329011
0.0331134
0.0329806
0.0329491
0.033095
0.0332628
0.0332843
0.0333221
0.0334372
0.0336385
0.0336047
