0
0.770302
0.514092
0.437692
0.397332
0.349331
0.329254
0.313757
0.303966
0.299345
0.296566
0.296185
0.293371
0.29177
0.288885
0.287069
0.287583
0.289261
0.291325
0.289635
0.290304
0.288943
0.289768
0.29023
0.290679
0.291294
0.292169
0.293955
0.295333
0.297612
0.298608
0.301578
0.303193
0.3038
0.303176
0.304193
0.306803
0.307699
0.308133
0.309027
0.311106
0.312213
0.312705
0.313411
0.314589
0.315771
0.316625
0.317361
0.318449
0.319049
0.320436
0.322012
0.32268
0.323011
0.324075
0.324374
0.325553
0.32635
0.326977
0.328064
0.328255
0.328331
0.328261
0.329005
0.32964
0.329709
0.33084
0.331623
0.332399
0.332654
0.333461
0.334216
0.335028
0.335608
0.33596
0.336286
0.337122
0.337542
0.337939
0.337741
0.338527
0.339629
0.33982
0.339753
0.339875
0.340334
0.34105
0.3418
0.342459
0.34341
0.344097
0.344699
0.344641
0.345095
0.345337
0.346053
0.347066
0.347686
0.348018
0.348611
0.349149
