0.804627
0.80985
0.802336
0.807641
0.815622
0.815345
0.819666
0.821544
0.826907
0.825602
0.811236
0.803162
0.792854
0.781889
0.772419
0.7669
0.76266
0.756108
0.750624
0.746082
0.733384
0.724431
0.712881
0.703704
0.696636
0.691114
0.684942
0.67828
0.672106
0.669252
0.660605
0.653256
0.645404
0.638494
0.632133
0.626399
0.621163
0.615915
0.610332
0.606049
0.599885
0.593588
0.587252
0.581078
0.574235
0.568651
0.562591
0.557729
0.552802
0.547911
0.54233
0.537132
0.532143
0.52812
0.524235
0.520301
0.516536
0.511776
0.508129
0.504217
0.50026
0.496487
0.492595
0.488297
0.484089
0.480239
0.476098
0.472236
0.46872
0.465636
0.462459
0.459034
0.45566
0.452894
0.45018
0.447184
0.444528
0.442001
0.439255
0.436657
0.433582
0.431259
0.428895
0.426552
0.424446
0.422804
0.420414
0.418263
0.415877
0.412253
