0
0.278261
0.196347
0.137931
0.10989
0.0901213
0.0752533
0.0681818
0.0637584
0.0597771
0.0571429
0.0566696
0.0550607
0.0529141
0.0522443
0.051264
0.0505051
0.0490639
0.0481481
0.0472206
0.0461538
0.0448823
0.0435013
0.0439448
0.0430054
0.0430828
0.0432156
0.0428507
0.0428135
0.0417193
0.04095
0.0398406
0.0386698
0.0383603
0.0374037
0.0382279
0.0372174
0.0371001
0.0372093
0.0371578
0.0382044
0.0380299
0.0373293
0.0369818
0.0361727
0.0354488
0.0354032
0.0355078
0.0348084
0.0349299
0.0345814
0.0346673
0.0345086
0.0341104
0.0340169
0.0337854
0.0334659
0.0336251
0.0332805
0.0332887
0.0334139
0.0333478
0.0335255
0.033516
0.033465
0.0339088
0.034084
0.0338677
0.0345577
0.0342824
0.0340214
0.033528
0.0333828
0.0331138
0.0334539
0.0333035
0.0337575
0.0342907
0.0344471
0.0345591
0.0343614
0.0341286
0.0342118
0.0341479
0.0340636
0.0339813
0.0337447
0.033555
0.0336443
0.0336517
0.0336488
0.0334374
0.0335146
0.0337307
0.033415
0.0336902
0.0336396
0.0337866
0.0337594
0.0335441
0.0334015
