0
0.137931
0.0869565
0.0591716
0.0630252
0.0544218
0.0508475
0.0456853
0.0471092
0.0454545
0.0408859
0.0402576
0.0400616
0.0402878
0.0391363
0.0377113
0.03657
0.0376671
0.0384615
0.0391061
0.0408163
0.0414938
0.0410822
0.0404235
0.0392523
0.0409836
0.0416667
0.0410959
0.039801
0.0408982
0.0408484
0.0419527
0.0423163
0.0415149
0.0419332
0.0423024
0.041272
0.0401316
0.0400258
0.0392654
0.0398754
0.0395859
0.04
0.0403745
0.039886
0.0389321
0.037961
0.0370566
0.0377847
0.0382458
0.0386158
0.0383292
0.0376994
0.0377088
0.0375235
0.03731
0.0379515
0.0374718
0.0371517
0.0371666
0.0375162
0.0376481
0.0371452
0.0369004
0.0368272
0.0367119
0.0370955
0.0365901
0.0365666
0.0363499
0.0359551
0.0359526
0.0356225
0.035443
0.035025
0.034678
0.0342897
0.0346861
0.0341997
0.0343782
0.0344143
0.0343249
0.0339916
0.0335893
0.0332173
0.0331147
0.0330451
0.0341985
0.0343788
0.0346476
0.0345643
0.0345231
0.0344428
0.0340779
0.0345609
0.0345894
0.0342142
0.034369
0.0343231
0.0342595
0.0341515
