0
0.273585
0.162679
0.107463
0.0875274
0.0724382
0.0664697
0.0598726
0.0572057
0.055773
0.0537445
0.0521092
0.0500391
0.0488889
0.0465116
0.0489604
0.0472843
0.0457038
0.045082
0.044507
0.0448406
0.044815
0.0442879
0.0436061
0.0425532
0.0412698
0.0420913
0.0429369
0.0422594
0.0428976
0.0436321
0.0425694
0.0422379
0.0422841
0.0424178
0.0414938
0.041977
0.0417495
0.0426494
0.0420753
0.0422318
0.0420575
0.042124
0.0415456
0.0409906
0.0408674
0.0401091
0.0399571
0.039979
0.0396294
0.0395237
0.0397614
0.0393969
0.0387467
0.0381625
0.0377053
0.0378046
0.0379349
0.0381037
0.0380162
0.0374516
0.0370214
0.037153
0.0370752
0.0365112
0.0364146
0.0362133
0.0363672
0.0364683
0.0365392
0.036282
0.0363335
0.0364299
0.0358938
0.0361766
0.0358272
0.0364837
0.0365039
0.0364778
0.0365404
0.0367671
0.0365574
0.0364431
0.0365971
0.0369192
0.0364493
0.0360865
0.0360444
0.0357634
0.0358222
0.0360509
0.036116
0.0360492
0.0362424
0.0364785
0.0362966
0.036305
0.0366412
0.0365585
0.0364725
0.0363317
