3.179680914139382645e-09 -1.077240126007401777e+01 8.359355377247484897e-02
6.359361828278765289e-09 -9.759729828764925230e+00 6.955099245001962471e-02
9.539042742418148348e-09 -8.926929154776752640e+00 7.230191247070699712e-02
1.271872365655753058e-08 -9.310011037285976343e+00 7.284118266404328301e-02
1.589840457069691281e-08 -9.577786785090021127e+00 7.364631211055444604e-02
1.907808548483629670e-08 -9.447993276910059635e+00 6.823996415725991360e-02
2.225776639897567727e-08 -9.349902555767092949e+00 7.502420962988247399e-02
2.543744731311506116e-08 -9.449044355643181348e+00 8.742469828347083916e-02
2.861712822725444173e-08 -9.050921708936881416e+00 1.248355821544581551e-01
3.179680914139382562e-08 -1.215414146587375477e+01 3.336970606022282571e+00
3.497649005553320620e-08 -8.866748998886286870e+00 1.055317630646076116e-01
3.815617096967259339e-08 -8.719282481361094739e+00 7.580876966474095480e-02
4.133585188381197397e-08 -8.635650733137945068e+00 7.331721036934529812e-02
4.451553279795135454e-08 -8.554872181925045282e+00 7.168413771992412920e-02
4.769521371209074174e-08 -8.514932276185671611e+00 7.028835658355300775e-02
5.087489462623012232e-08 -8.570739432639044253e+00 7.646447037265038937e-02
5.405457554036950289e-08 -8.440900325458207121e+00 7.570700692272179511e-02
5.723425645450888347e-08 -8.415404715904786670e+00 6.940211933633212704e-02
6.041393736864827066e-08 -8.361405983313998647e+00 7.459099121805486121e-02
6.359361828278765124e-08 -8.209285046008059084e+00 4.887181477481070679e-01
6.677329919692703182e-08 -8.292754942521597172e+00 7.417061515389915261e-02
6.995298011106641239e-08 -8.122371910907020265e+00 7.609413346769126896e-02
7.313266102520579297e-08 -8.071074253746365557e+00 7.969133699521359360e-02
7.631234193934518678e-08 -8.151352554982683074e+00 8.187566556477043900e-02
7.949202285348456736e-08 -7.990782233779102128e+00 7.696258488642764017e-02
8.267170376762394794e-08 -8.018057083201078683e+00 8.228251847215348191e-02
8.585138468176332851e-08 -7.910832154939010152e+00 7.500636444884171972e-02
8.903106559590270909e-08 -7.827836675739902716e+00 7.813314262506204644e-02
9.221074651004208967e-08 -8.049411166303128695e+00 8.534231722385904328e-02
9.539042742418148348e-08 -7.864123881841866393e+00 8.846383969429433280e-02
