0
0.758216
0.523918
0.401355
0.339855
0.311
0.290177
0.277147
0.270822
0.268833
0.264826
0.263024
0.258641
0.255287
0.251485
0.250899
0.252091
0.249961
0.251084
0.252758
0.253412
0.253801
0.254693
0.253163
0.252281
0.252671
0.252866
0.254335
0.255949
0.258417
0.258967
0.259288
0.261083
0.262183
0.262898
0.263541
0.262879
0.263052
0.264051
0.265789
0.265788
0.266799
0.267709
0.267502
0.267267
0.268458
0.269748
0.269716
0.270656
0.271341
0.272283
0.272952
0.27353
0.274012
0.274967
0.275033
0.276392
0.276304
0.276524
0.276968
0.277592
0.278129
0.278632
0.279738
0.280552
0.280602
0.281222
0.281402
0.281917
0.282024
0.282252
0.282846
0.28405
0.284576
0.285475
0.28574
0.286276
0.286587
0.287316
0.287753
0.288144
0.288639
0.289795
0.290204
0.290637
0.290929
0.291714
0.292383
0.292732
0.293485
0.293951
0.29427
0.294675
0.295316
0.295776
0.296248
0.296464
0.296725
0.297197
0.297809
0.298356
