0
0.611307
0.335249
0.221662
0.165886
0.130339
0.107468
0.0917999
0.0803975
0.0722357
0.0649964
0.0611966
0.0577047
0.0544404
0.0518991
0.0494475
0.047619
0.0462561
0.0444827
0.0428135
0.0413372
0.0399651
0.0386647
0.0374593
0.0365566
0.035877
0.0350037
0.0345013
0.0339603
0.0332321
0.0325536
0.0318269
0.0317583
0.0310475
0.0307353
0.0304117
0.0300182
0.0297814
0.0296435
0.0293772
0.0288486
0.0283042
0.0281174
0.0279176
0.0274005
0.0272561
0.0267476
0.0265223
0.0261332
0.0256083
0.0252742
0.0249359
0.0248109
0.0244918
0.0243712
0.024086
0.0237736
0.0235218
0.0235197
0.0231719
0.0229008
0.0229221
0.0228994
0.0226694
0.0223599
0.0223048
0.0220576
0.022099
0.022187
0.0219909
0.0221587
0.0220835
0.0222256
0.022097
0.0221278
0.0221194
0.0220415
0.0219045
0.022066
0.0218109
0.0217806
0.0216074
0.0214039
0.0212962
0.0211245
0.0209911
0.0211294
0.021175
0.0211801
0.0210048
0.0212132
0.0210843
0.0209736
0.021116
0.0212418
0.0212447
0.0211465
0.0209276
0.0209618
0.0208264
0.0208551
