0.81016
0.808707
0.822397
0.814047
0.813694
0.811525
0.812969
0.810135
0.810056
0.811346
0.793169
0.78108
0.773876
0.766604
0.760608
0.750901
0.744032
0.738022
0.733978
0.730355
0.72232
0.711217
0.703514
0.694159
0.686791
0.68019
0.674679
0.667607
0.662096
0.656816
0.648065
0.638546
0.63178
0.623446
0.617963
0.61174
0.606615
0.600014
0.593805
0.589079
0.582617
0.575748
0.56865
0.562877
0.556568
0.551269
0.545795
0.54035
0.534416
0.529177
0.522144
0.515957
0.510307
0.504656
0.499238
0.493829
0.488338
0.483629
0.478504
0.473831
0.469262
0.464632
0.460947
0.456684
0.452759
0.448246
0.443841
0.439497
0.435003
0.430803
0.426854
0.422684
0.41912
0.414644
0.410895
0.407071
0.403265
0.400087
0.397013
0.394254
0.390982
0.38834
0.385464
0.382365
0.379334
0.376095
0.373305
0.370757
0.368019
0.365419
