0
0.193548
0.145299
0.124294
0.101322
0.0833333
0.0744048
0.0649351
0.0597345
0.0559846
0.0573913
0.0606557
0.0576324
0.0556391
0.0540541
0.0537931
0.0515192
0.05
0.048926
0.048
0.0462046
0.0443975
0.0470829
0.0475719
0.0457579
0.0465116
0.0451671
0.0458959
0.0443308
0.0435497
0.0433387
0.0422866
0.0416667
0.0423601
0.0411765
0.0403458
0.0407303
0.0411805
0.0405585
0.0400776
0.0398734
0.0393013
0.0390482
0.0382546
0.0377358
0.0381724
0.0373938
0.0367893
0.0377049
0.0369577
0.0372899
0.0377456
0.0376207
0.036963
0.0362923
0.0361446
0.0356464
0.0359645
0.0362053
0.0357466
0.0359361
0.0355575
0.0364109
0.0367208
0.0368047
0.0366708
0.0366002
0.0361446
0.0357711
0.0357423
0.0356727
0.0358779
0.035822
0.035461
0.035503
0.0350237
0.0350307
0.0349501
0.0346167
0.0341821
0.0347796
0.0350937
0.0348208
0.0347942
0.0346078
0.0345502
0.0341715
0.034109
0.0339836
0.0341933
0.0337838
0.0337079
0.0335028
0.0334914
0.0333919
0.0330435
0.0331221
0.0327729
0.0328147
0.0324476
0.0326598
