0
0.237288
0.179916
0.145401
0.116071
0.0962567
0.0827068
0.0758355
0.0678161
0.0628166
0.06102
0.057676
0.0549273
0.0527523
0.0530523
0.0523013
0.0520694
0.0515924
0.050303
0.0494761
0.05
0.0482908
0.0464267
0.0449722
0.0453659
0.0460526
0.045082
0.0441501
0.0431071
0.0426678
0.0420882
0.0416994
0.040613
0.0403286
0.0395214
0.0397022
0.0394464
0.0395939
0.0392739
0.0391586
0.0399493
0.039801
0.0397189
0.0404919
0.0410678
0.0407279
0.040678
0.0411602
0.0411701
0.0408813
0.0405405
0.0396442
0.0392991
0.0387825
0.0383873
0.0382696
0.0386146
0.038497
0.0380866
0.0376644
0.0373955
0.0372456
0.0378367
0.0372789
0.0369985
0.0367948
0.0367232
0.036904
0.036986
0.0364412
0.0362138
0.0361605
0.036068
0.0359116
0.0360721
0.0360425
0.0363248
0.0362804
0.0360188
0.0361135
0.0359871
0.0356426
0.0356848
0.0351849
0.0351897
0.0352641
0.0354834
0.0358423
0.0354501
0.0352672
0.0351433
0.0349306
0.0352384
0.0357509
0.0355227
0.0354579
0.0353442
0.035233
0.0354068
0.0353751
0.0352026
