0
0.18018
0.114754
0.0934066
0.0788913
0.0684932
0.0618705
0.0602706
0.0588865
0.0534351
0.0493506
0.0479735
0.0475078
0.0467706
0.045007
0.0441767
0.0423782
0.0410628
0.0413512
0.0411036
0.0401955
0.0391032
0.0387714
0.0384615
0.0381176
0.0383562
0.0379022
0.0375107
0.0363636
0.0365756
0.0372403
0.0362319
0.0358209
0.0349854
0.0344705
0.033957
0.0330858
0.0334326
0.0340246
0.0339467
0.0336836
0.0338369
0.0337578
0.0339032
0.0335132
0.0328599
0.0324427
0.0320598
0.032021
0.031857
0.0315201
0.0309768
0.0316642
0.0311444
0.0312796
0.0309446
0.0311712
0.0311302
0.0312847
0.0314823
0.0312635
0.0310506
0.0314795
0.0318973
0.0322778
0.0322386
0.0325849
0.0327515
0.0322456
0.0322273
0.0324284
0.0325642
0.0325188
0.0326916
0.0327781
0.0328912
0.0327037
0.0326481
0.0322416
0.0322472
0.0321828
0.0319131
0.0316218
0.031406
0.0310707
0.0308905
0.0308796
0.030672
0.0305111
0.0301477
0.0302849
0.0304104
0.0302411
0.0304517
0.0303074
0.0302687
0.0302436
0.03024
0.0305323
0.0302452
0.0302213
