3.179680914131051695e-09 -1.121280443890757006e+01 8.156110301869423651e-02
6.359361828262103390e-09 -1.080234613905320451e+01 7.892405171262797947e-02
9.539042742393155913e-09 -1.023306746857654659e+01 7.148707265618792217e-02
1.271872365652420678e-08 -1.004269715539244068e+01 7.765329928613322330e-02
1.589840457065525930e-08 -9.769942758597181864e+00 7.173836174604589222e-02
1.907808548478631183e-08 -9.610952109995897885e+00 7.675017473898902709e-02
2.225776639891736435e-08 -9.429959432281515674e+00 7.904591979797122303e-02
2.543744731304841356e-08 -9.291573688835336853e+00 8.287485976912235819e-02
2.861712822717946608e-08 -8.983250762750349949e+00 1.150008574509061576e-01
3.179680914131051861e-08 -8.518036791856019363e+00 3.911879174375942902e+00
3.497649005544156782e-08 -8.265201064088918415e+00 7.815145568133018139e-02
3.815617096957262365e-08 -8.274107111361962197e+00 7.481470335325521304e-02
4.133585188370367286e-08 -7.985965961612040864e+00 7.645134658261995564e-02
4.451553279783472870e-08 -8.098903698169387155e+00 6.762508185699056540e-02
4.769521371196577791e-08 -7.873106071206511736e+00 7.745338872451176804e-02
5.087489462609682712e-08 -7.937826825134222553e+00 7.614405568908778899e-02
5.405457554022788295e-08 -8.021287866242943210e+00 7.458286945841173521e-02
5.723425645435893217e-08 -7.970061916926431067e+00 7.474165985836249415e-02
6.041393736848998138e-08 -7.994730275557074606e+00 7.733425129970147860e-02
6.359361828262103721e-08 -1.055371984187336842e+01 3.276134028661827013e+00
6.677329919675209304e-08 -8.010006389362018808e+00 7.703821183927660188e-02
6.995298011088313564e-08 -8.039810484546583425e+00 7.365636998982920403e-02
7.313266102501419147e-08 -8.071776539663233052e+00 8.375237143373238935e-02
7.631234193914524730e-08 -8.029177890957114982e+00 7.356303301020933327e-02
7.949202285327630313e-08 -8.009174807277377184e+00 8.167812694906927129e-02
8.267170376740734573e-08 -8.033249140062778793e+00 8.120767675825345255e-02
8.585138468153840156e-08 -7.859686846959078821e+00 6.951884149059493756e-02
8.903106559566945739e-08 -7.834507193899940880e+00 8.053596659659151280e-02
9.221074650980049999e-08 -7.848089224403265618e+00 7.992988253276765709e-02
9.539042742393155582e-08 -7.876231600782506170e+00 7.402201664774404888e-02
