0
0.486792
0.261649
0.180212
0.137838
0.110629
0.0917816
0.079646
0.0695455
0.0612245
0.0556566
0.0521295
0.0490857
0.0467604
0.0442836
0.0423119
0.0404334
0.0387146
0.037064
0.0355731
0.0342282
0.0328326
0.0316508
0.0305694
0.0294627
0.0285608
0.0276423
0.0267623
0.0260426
0.0254545
0.0247708
0.0242718
0.0236677
0.0230073
0.0225062
0.0221182
0.0215559
0.0211182
0.0205778
0.0201031
0.0196449
0.0192355
0.0188816
0.0184834
0.0181164
0.0177394
0.0175125
0.0171641
0.0169601
0.0166456
0.016346
0.0160374
0.0157292
0.0154841
0.015251
0.0150233
0.0147857
0.0146341
0.0144257
0.014199
0.0139842
0.0137817
0.0136037
0.0134166
0.0132192
0.0130499
0.012863
0.0127541
0.0125836
0.0124175
0.0122728
0.0121647
0.0120158
0.0118574
0.0117202
0.0115661
0.0114023
0.0112595
0.0111319
0.0110588
0.0109371
0.0108115
0.0106938
0.0105827
0.0104631
0.0103554
0.0102519
0.0101497
0.0100366
0.00999203
0.00988838
0.00979332
0.00969084
0.00959557
0.00950437
0.00951447
0.00941566
0.00937324
0.0092753
0.00918701
0.00911387
