0
0.725995
0.505155
0.402411
0.346893
0.322993
0.299207
0.287605
0.276993
0.274169
0.268271
0.265939
0.26213
0.261059
0.259172
0.258998
0.259954
0.259137
0.257263
0.258671
0.259023
0.259146
0.258385
0.259384
0.260917
0.262147
0.262781
0.263482
0.264344
0.264333
0.264804
0.265634
0.267491
0.267944
0.26865
0.270088
0.269917
0.272112
0.272727
0.274828
0.275655
0.276447
0.277306
0.277588
0.278138
0.278128
0.278407
0.279382
0.279662
0.280205
0.280473
0.281801
0.281532
0.282128
0.282982
0.283647
0.285335
0.286586
0.287252
0.287747
0.289355
0.29039
0.291249
0.292478
0.294007
0.29525
0.29613
0.296724
0.297039
0.297714
0.299461
0.299929
0.300361
0.300875
0.301974
0.30306
0.303303
0.304143
0.304128
0.304621
0.305362
0.305384
0.306174
0.306389
0.30669
0.307192
0.308007
0.309366
0.310119
0.310533
0.310983
0.311693
0.312224
0.312548
0.312891
0.313972
0.314699
0.315501
0.316165
0.316657
0.317694
