0.785714
0.795544
0.804598
0.804477
0.805188
0.809524
0.810534
0.810784
0.811698
0.815761
0.803515
0.79025
0.78107
0.770539
0.759574
0.754036
0.747762
0.742866
0.739185
0.734981
0.723807
0.714424
0.70597
0.697959
0.690466
0.684724
0.678019
0.669714
0.663294
0.657927
0.648987
0.642079
0.63392
0.627471
0.621768
0.616094
0.611222
0.606398
0.601681
0.597396
0.591676
0.585895
0.579322
0.573615
0.56799
0.562031
0.556852
0.552804
0.547691
0.543003
0.537164
0.532561
0.528028
0.52316
0.51833
0.514621
0.51036
0.506725
0.502747
0.499078
0.494519
0.490274
0.486665
0.482566
0.478853
0.474882
0.471642
0.467983
0.46484
0.46177
0.458638
0.455676
0.452801
0.450443
0.447526
0.445176
0.442077
0.439346
0.436507
0.434238
0.432345
0.430596
0.428739
0.426761
0.424774
0.422991
0.420777
0.418816
0.416662
0.414978
