0
0.184874
0.12069
0.0869565
0.0666667
0.0617496
0.0517986
0.0460772
0.0412946
0.0381232
0.0351185
0.0347395
0.0336463
0.0325685
0.0317348
0.030303
0.029735
0.0289766
0.0284024
0.0275746
0.0282455
0.0276618
0.0281974
0.0273438
0.0272045
0.0269776
0.0262339
0.025442
0.0254804
0.0251317
0.0243902
0.0241102
0.0241726
0.0240437
0.0238095
0.0231434
0.0233266
0.0231328
0.0229625
0.0227273
0.0222635
0.0217984
0.0213904
0.021258
0.021161
0.0209732
0.021148
0.0207101
0.0203059
0.0202335
0.0200711
0.02001
0.0201178
0.0202997
0.0201661
0.0204985
0.0202206
0.0202384
0.0199512
0.0196249
0.0195867
0.019296
0.0192067
0.0193217
0.0190091
0.0189507
0.0187008
0.018813
0.0185717
0.018522
0.0186393
0.0189408
0.0190528
0.0190032
0.0188979
0.0189763
0.019128
0.0190833
0.0190782
0.0190476
0.0190208
0.0188154
0.0186476
0.018468
0.0182801
0.0182247
0.0179929
0.0182543
0.0183751
0.0183514
0.0184909
0.0183161
0.0181579
0.0179814
0.0179779
0.0180629
0.0178924
0.0178946
0.0180105
0.0178375
0.0178183
