0
0.25
0.157895
0.136095
0.111111
0.0960854
0.0816327
0.07
0.0610022
0.0555556
0.0506108
0.0483333
0.0455975
0.0430267
0.0410765
0.039031
0.0383142
0.037037
0.035461
0.0343249
0.033954
0.0324948
0.0322906
0.0313418
0.0306513
0.0295749
0.0287511
0.027972
0.0268456
0.0277551
0.0268562
0.0261137
0.0253353
0.0248902
0.0242165
0.0235784
0.0237449
0.0231328
0.0225806
0.0226843
0.0222222
0.0216998
0.0212515
0.0207972
0.0204545
0.0200557
0.0197152
0.0193653
0.0190577
0.018799
0.0195172
0.0192698
0.0189621
0.0187377
0.0188953
0.0184834
0.0181143
0.0178817
0.0175755
0.0177778
0.0179588
0.01768
0.0179257
0.0176545
0.0173913
0.0171569
0.0169355
0.0167264
0.0172414
0.0169557
0.0167683
0.0164979
0.0162182
0.0164294
0.0161929
0.0164168
0.0162257
0.0159667
0.0160959
0.0158891
0.0163825
0.0164962
0.016276
0.0160565
0.0162162
0.0160075
0.0158582
0.0156586
0.0155157
0.0153614
0.0152148
0.015062
0.0149297
0.014774
0.0146383
0.0145299
0.0143865
0.0142379
0.0141001
0.0142232
0.0141074
