0
0.210526
0.142857
0.112094
0.0859031
0.0766488
0.0665658
0.0624204
0.0553672
0.0507614
0.0457875
0.0449827
0.0422764
0.0410959
0.0400583
0.038835
0.037037
0.0350438
0.0341522
0.0333142
0.0322401
0.0312164
0.0312989
0.0302419
0.0298434
0.0293422
0.0284013
0.0282686
0.027945
0.0271512
0.0264766
0.0260458
0.0253359
0.0247191
0.024035
0.0238095
0.0235947
0.0230274
0.0228099
0.0222365
0.0218009
0.0212504
0.0208082
0.0204626
0.0204022
0.0202915
0.0202304
0.0204307
0.0202867
0.0198623
0.0198382
0.0194622
0.0191436
0.0197433
0.0193845
0.0190522
0.0191948
0.0193638
0.0192831
0.0190199
0.0187679
0.0187038
0.01838
0.0181396
0.0180199
0.017766
0.0174664
0.0174777
0.0174441
0.0174014
0.0171756
0.0169396
0.0167224
0.0166911
0.0164557
0.0164521
0.0164631
0.0164479
0.0162883
0.0162755
0.016099
0.0159316
0.0161023
0.01659
0.0165477
0.0163619
0.0161597
0.01594
0.0157602
0.0159363
0.0157624
0.0155712
0.0154303
0.0152627
0.0151097
0.0151144
0.0149573
0.0152478
0.0151112
0.0149688
0.0148047
