3.179680914133905882e-09 -1.072218918559360112e+01 8.781695811589891598e-02
6.359361828267811764e-09 -1.041630019372666993e+01 8.566089152789153893e-02
9.539042742401717232e-09 -9.977794319387291111e+00 7.449323205258519265e-02
1.271872365653562353e-08 -9.507474710807892748e+00 7.990884638746170721e-02
1.589840457066952982e-08 -9.272161927883594501e+00 7.115446079649216660e-02
1.907808548480343446e-08 -8.824612554258031594e+00 7.242764569696334698e-02
2.225776639893734241e-08 -8.779768014914948182e+00 7.946819552040319812e-02
2.543744731307124706e-08 -8.418615364504223209e+00 9.961589044871277387e-02
2.861712822720515500e-08 -7.250606950577887844e+00 1.149823987043702422e-01
3.179680914133905965e-08 -1.221804480150946670e+00 9.483841144716236016e-02
3.497649005547296760e-08 -6.776758728468410986e+00 8.059800737946691551e-02
3.815617096960686893e-08 -7.557829979443573265e+00 8.335263837206111082e-02
4.133585188374077688e-08 -7.582044687324684062e+00 8.093804572459682711e-02
4.451553279787468483e-08 -7.583486457424458926e+00 7.531235698361507525e-02
4.769521371200858616e-08 -7.534393586947016885e+00 7.364018635138085134e-02
5.087489462614249411e-08 -7.412100473312384530e+00 7.596183650329410564e-02
5.405457554027640206e-08 -7.182134737213612397e+00 7.684679245454986707e-02
5.723425645441031001e-08 -7.013428926807036667e+00 7.706575267389495498e-02
6.041393736854421796e-08 -6.408630655094303741e+00 8.051428939397543838e-02
6.359361828267811929e-08 -3.739202881754222219e+00 8.586467193639987783e-02
6.677329919681202062e-08 -6.378242231403216778e+00 7.536352226343703831e-02
6.995298011094593519e-08 -6.690431202185218140e+00 6.964559666045389008e-02
7.313266102507983652e-08 -6.856275104963964750e+00 7.093748368637287083e-02
7.631234193921373786e-08 -6.718216069075881869e+00 6.983510463700461079e-02
7.949202285334765242e-08 -6.900048693205913075e+00 7.087527895627954155e-02
8.267170376748155376e-08 -6.765665770199068341e+00 6.633592793631763740e-02
8.585138468161545509e-08 -6.951965679572788659e+00 6.849710330834067606e-02
8.903106559574936966e-08 -6.958759329536210458e+00 6.800885279027123198e-02
9.221074650988327099e-08 -6.631858617851572824e+00 7.111203818127327658e-02
9.539042742401717232e-08 -6.207787473745534967e+00 6.825355124836529619e-02
