0
0.589286
0.311712
0.207503
0.15544
0.127196
0.105663
0.0905453
0.079806
0.070155
0.0637998
0.0600332
0.0564214
0.0535661
0.0511011
0.0488265
0.0468184
0.0448909
0.0430133
0.0413242
0.0397017
0.0385104
0.0372557
0.0362461
0.0352273
0.0346027
0.0335166
0.032736
0.0322581
0.0313923
0.0306622
0.0300231
0.0291741
0.0284505
0.0277028
0.0270984
0.0269538
0.0263297
0.0258006
0.0258065
0.0255998
0.0256814
0.0253645
0.0250493
0.0246182
0.0242458
0.0237496
0.0233786
0.0230541
0.0226352
0.0223287
0.0221288
0.021825
0.0216169
0.0213679
0.0211765
0.0212273
0.0210007
0.021116
0.0211373
0.0211783
0.0212218
0.021066
0.0210544
0.0209536
0.0210792
0.0207982
0.0206022
0.0204018
0.0204239
0.0203165
0.0203606
0.0204642
0.0203588
0.020262
0.0199986
0.019976
0.0198883
0.0197904
0.0197946
0.0198373
0.0197487
0.0198
0.0197266
0.0197656
0.0196178
0.0196954
0.0196213
0.0193942
0.0193257
0.0192759
0.0193294
0.0192535
0.0194839
0.0196362
0.01969
0.0195108
0.0194476
0.0193156
0.0192882
0.019235
