0
0.696429
0.478936
0.398502
0.341491
0.306922
0.284207
0.265142
0.255493
0.248815
0.243913
0.243335
0.241991
0.238578
0.238589
0.239641
0.239173
0.237737
0.238628
0.23764
0.237598
0.236976
0.236706
0.23628
0.234833
0.235678
0.236374
0.237556
0.238745
0.239013
0.23883
0.239615
0.241326
0.241386
0.241928
0.242567
0.242196
0.241955
0.242946
0.244529
0.246333
0.246641
0.247417
0.248774
0.248964
0.249554
0.250123
0.251375
0.252292
0.252796
0.253251
0.253054
0.254757
0.255055
0.25544
0.256097
0.257879
0.257962
0.258039
0.258971
0.259961
0.261278
0.262059
0.262427
0.263172
0.263104
0.263054
0.264055
0.264894
0.265264
0.266343
0.266901
0.267107
0.267184
0.267457
0.26783
0.268169
0.268435
0.268666
0.26938
0.26982
0.270547
0.27132
0.27153
0.272076
0.272241
0.272709
0.273074
0.274333
0.275015
0.27497
0.275469
0.275714
0.276355
0.276311
0.276471
0.276875
0.277389
0.278431
0.278825
0.278728
