0.83038
0.82024
0.813913
0.822842
0.81685
0.817944
0.818661
0.820925
0.818262
0.816446
0.802851
0.788661
0.77619
0.766325
0.759574
0.75236
0.744661
0.738804
0.734586
0.731456
0.72105
0.711891
0.703636
0.696611
0.688959
0.68306
0.676379
0.67011
0.66422
0.661644
0.65339
0.645816
0.639888
0.633025
0.627452
0.622597
0.616031
0.610434
0.605116
0.600843
0.593914
0.586075
0.580604
0.573684
0.568609
0.563328
0.55894
0.554243
0.549475
0.545283
0.539317
0.53338
0.527316
0.522214
0.516711
0.512209
0.507674
0.503136
0.498692
0.495443
0.491035
0.487322
0.483914
0.479894
0.475784
0.472022
0.467829
0.465114
0.461328
0.458274
0.454425
0.451155
0.44731
0.444601
0.441688
0.438738
0.436012
0.433703
0.431036
0.428225
0.425897
0.423469
0.421313
0.419391
0.417479
0.415128
0.413548
0.412043
0.410249
0.40812
