0
0.3
0.200855
0.162242
0.132883
0.114437
0.105183
0.0977543
0.0891204
0.0801249
0.0759378
0.0730868
0.0726979
0.0729087
0.0705968
0.0674548
0.0663539
0.0642261
0.0628432
0.0611765
0.0590884
0.0572045
0.0554104
0.0570419
0.0564556
0.0557408
0.0557861
0.0551601
0.0533793
0.0521921
0.0506278
0.0506931
0.0503265
0.0496639
0.0491983
0.0481416
0.0473721
0.0468487
0.046458
0.0455132
0.0462025
0.0457355
0.045716
0.0454141
0.0447414
0.0445205
0.0440725
0.0446623
0.0439207
0.043306
0.0431169
0.0430903
0.0423029
0.0418616
0.0418076
0.0416171
0.042359
0.041811
0.0416572
0.0414148
0.0412439
0.0411496
0.0410607
0.041044
0.0408375
0.040604
0.0400322
0.0396825
0.0394917
0.0393822
0.0392381
0.0389171
0.0385257
0.0382224
0.037913
0.0381802
0.0389702
0.0386827
0.0384549
0.0380048
0.0379386
0.0379139
0.0375878
0.0379706
0.0376816
0.0377329
0.0376739
0.0376161
0.0375421
0.0376873
0.0378913
0.0378394
0.037841
0.0375218
0.0377358
0.0378193
0.0374558
0.0370733
0.0370062
0.0370879
0.0367147
