0
0.186916
0.147208
0.0989761
0.0881612
0.0775194
0.0705329
0.0665761
0.0618436
0.0603814
0.0561798
0.055409
0.053112
0.0530063
0.0525131
0.0513186
0.0489796
0.0493506
0.0493827
0.0488523
0.047619
0.0473883
0.0463542
0.047379
0.0461613
0.0464571
0.0458466
0.0453345
0.0444444
0.0441851
0.0446429
0.0446464
0.0445219
0.0438398
0.0435585
0.0426763
0.0429275
0.0425164
0.04147
0.0408971
0.0406845
0.0400757
0.0404821
0.0400364
0.0400712
0.0397332
0.0391378
0.0390298
0.0394629
0.0388636
0.0380478
0.0383329
0.0380035
0.0377734
0.0376344
0.0375868
0.0383529
0.0381415
0.0377874
0.0371614
0.0374532
0.0378096
0.0378205
0.0376288
0.0379353
0.0378168
0.0376712
0.0380575
0.0383412
0.0385728
0.0387035
0.0385049
0.0387324
0.0385881
0.0380592
0.0380715
0.0383263
0.0382675
0.0378202
0.0377294
0.0377453
0.0375602
0.0373294
0.0373801
0.0371741
0.0370606
0.0370137
0.0369101
0.0368372
0.0366133
0.0361882
0.036312
0.0362587
0.0364942
0.0366773
0.0363036
0.0366009
0.0362665
0.0360774
0.0361429
0.0358217
