0
0.290909
0.178571
0.122222
0.0942623
0.0841751
0.0794118
0.0717822
0.0629067
0.0590551
0.0565371
0.0582363
0.0582677
0.0594354
0.0562588
0.0534045
0.0538462
0.0504808
0.0530565
0.0518192
0.0503751
0.0511771
0.0503953
0.0502415
0.0506567
0.0510483
0.0514641
0.0508621
0.0494966
0.0489796
0.048336
0.0467791
0.0468401
0.0460863
0.0451289
0.0438413
0.0435671
0.0429894
0.0438144
0.0440252
0.0435583
0.0432952
0.0430933
0.0419781
0.0415497
0.0418272
0.0419162
0.0417783
0.0416887
0.0416017
0.0408372
0.0406422
0.0400792
0.0395894
0.0391304
0.038645
0.0388213
0.0391705
0.03902
0.0383929
0.0378521
0.0384782
0.0379855
0.0385906
0.0379695
0.0378664
0.0373644
0.037272
0.0373575
0.0376699
0.0375335
0.0371353
0.0367868
0.036256
0.0362903
0.0363372
0.0362787
0.0359431
0.035327
0.0351845
0.0358484
0.0354012
0.0352863
0.0348799
0.0349968
0.0346598
0.0345264
0.034418
0.0344186
0.0341119
0.0338208
0.0337858
0.03404
0.0340035
0.0336553
0.0336427
0.0334005
0.0330956
0.0328054
0.0327181
0.0324459
