3.179680914133905882e-09 -1.058565862886258735e+01 8.142303430478323167e-02
6.359361828267811764e-09 -9.615928821390257397e+00 7.393786256484095876e-02
9.539042742401717232e-09 -9.219711095473954288e+00 7.650607749001193947e-02
1.271872365653562353e-08 -8.635456041797127114e+00 6.899018483478688846e-02
1.589840457066952982e-08 -8.157951558232959144e+00 7.168549098574325540e-02
1.907808548480343446e-08 -8.015113656024297484e+00 7.560877532664998790e-02
2.225776639893734241e-08 -7.716679639526494050e+00 7.405329907929181221e-02
2.543744731307124706e-08 -7.614832791811953605e+00 6.937175814636399596e-02
2.861712822720515500e-08 -7.590492678603018462e+00 9.854585358488693325e-02
3.179680914133905965e-08 -1.130972401609847466e+01 3.720215053403175265e+00
3.497649005547296760e-08 -7.171637191530432887e+00 7.756007747685021714e-02
3.815617096960686893e-08 -7.003985483063678963e+00 7.911563844700776615e-02
4.133585188374077688e-08 -6.948889355943248525e+00 6.938246769082342946e-02
4.451553279787468483e-08 -6.826389881821560479e+00 6.113816746794008966e-02
4.769521371200858616e-08 -6.560586425232998842e+00 6.909659832366543686e-02
5.087489462614249411e-08 -6.548150002575096273e+00 6.732171631926772704e-02
5.405457554027640206e-08 -6.680526770821241911e+00 6.777990438591931233e-02
5.723425645441031001e-08 -6.583201266979381572e+00 6.914652760512290941e-02
6.041393736854421796e-08 -6.343677399455586396e+00 6.971116076724308275e-02
6.359361828267811929e-08 -6.373928172802706626e+00 9.369189663299642978e-02
6.677329919681202062e-08 -6.129394837301140875e+00 7.164673597953283291e-02
6.995298011094593519e-08 -6.311218630649996442e+00 6.853773974114350798e-02
7.313266102507983652e-08 -6.100942255796971025e+00 6.606669985082425089e-02
7.631234193921373786e-08 -6.063337975301028138e+00 6.399696236357431400e-02
7.949202285334765242e-08 -5.895699481867467284e+00 7.508103331890678134e-02
8.267170376748155376e-08 -5.818512875967432940e+00 6.489969425249415835e-02
8.585138468161545509e-08 -5.994328853571594173e+00 6.992138923521822036e-02
8.903106559574936966e-08 -5.818764986191159672e+00 6.939578760989724426e-02
9.221074650988327099e-08 -5.791613748347820945e+00 6.356056709526453075e-02
9.539042742401717232e-08 -5.552204018155144638e+00 6.746857431155570128e-02
